[{"BasisSet": "aug-cc-pvtz", "LevelOfTheory": "scf", "Scheme": "FB", "Penalty": 0.0, "StartIndex": 0, "StopIndex": 3, "Cores": 1, "Memory": 2.0}, {"Convergence": true, "QuadCompare": [[0.00012927050547251184, -5.8861700188268806e-05, -0.00012578191096309504], [-5.8861700188268806e-05, 2.8861853529349446e-05, -0.00017982844358559993], [-0.00012578191096309504, -0.00017982844358559993, -0.0001581323590018613]], "QuadTotal": [[0.00012999196540341984, -2.0429950876761638e-05, -3.537693856533325e-05], [-2.0429950876761638e-05, 3.1027123075233476e-05, -0.00014967849489199087], [-3.537693856533325e-05, -0.00014967849489199087, -0.00016101908847998558]], "QuadLocal": [[7.214599309079972e-07, 3.843174931150717e-05, 9.04049723977618e-05], [3.843174931150717e-05, 2.16526954588403e-06, 3.0149948693609062e-05], [9.04049723977618e-05, 3.0149948693609062e-05, -2.8867294781242947e-06]], "ValueCostV4": -4.648218586532915e-07, "nSteps": 11}, {"Convergence": true, "QuadCompare": [[0.0322977680425538, -0.00014401569529082225, 0.00021175573493998484], [-0.00014401569529082225, -0.0161270371519322, -1.7670956360895437e-05], [0.00021175573493998484, -1.7670956360895437e-05, -0.016170730890642915]], "QuadTotal": [[-0.1367537377825272, 0.0005821957450550808, -0.0009544888121286108], [0.0005821957450550808, 0.0683732343011485, -3.7559410713170448e-06], [-0.0009544888121286108, -3.7559410713170448e-06, 0.06838050348137514]], "QuadLocal": [[-0.169051505825081, 0.000726211440345903, -0.0011662445470685956], [0.000726211440345903, 0.0845002714530807, 1.3915015289578392e-05], [-0.0011662445470685956, 1.3915015289578392e-05, 0.08455123437201806]], "ValueCostV4": -0.004988943758839102, "nSteps": 19}, {"Convergence": true, "QuadCompare": [[-0.21941506522387044, -5.7847700326960245e-06, -2.4303877395567517e-05], [-5.7847700326960245e-06, 0.1286451075421695, -5.623471688495549e-07], [-2.4303877395567517e-05, -5.623471688495549e-07, 0.09076995768170804]], "QuadTotal": [[0.2795556465108717, -6.100823998239071e-05, 8.135528135694231e-16], [-6.100823998239071e-05, 0.25141407495867796, -3.5387486387184157e-16], [8.135528135694231e-16, -3.5387486387184157e-16, -0.5309697214695603]], "QuadLocal": [[0.49897071173474217, -5.522346994969469e-05, 2.430387739638107e-05], [-5.522346994969469e-05, 0.12276896741650845, 5.6234716849568e-07], [2.430387739638107e-05, 5.6234716849568e-07, -0.6217396791512684]], "ValueCostV4": -0.23251552040290943, "nSteps": 20}]