[{"BasisSet": "aug-cc-pvtz", "LevelOfTheory": "scf", "Scheme": "V5", "StartIndex": 350, "StopIndex": 500, "Cores": 8, "Memory": 8.0}, {"MolNameIdx": "5093_NC6H11", "SweepDict": {"PenaltyVals": [0.0, 0.1724137931034483, 0.3448275862068966, 0.5172413793103449, 0.6896551724137931, 0.8620689655172414, 1.0344827586206897, 1.206896551724138, 1.3793103448275863, 1.5517241379310347, 1.7241379310344829, 1.896551724137931, 2.0689655172413794, 2.241379310344828, 2.413793103448276, 2.586206896551724, 2.7586206896551726, 2.931034482758621, 3.1034482758620694, 3.2758620689655173, 3.4482758620689657, 3.620689655172414, 3.793103448275862, 3.9655172413793105, 4.137931034482759, 4.310344827586207, 4.482758620689656, 4.655172413793104, 4.827586206896552, 5.0], "RootMeanDisplacement": [0.00011653660251107612, 0.0022436200503835927, 0.003658317960261987, 0.004459174227880538, 0.005095916016079578, 0.005558801116398586, 0.0059295043091275495, 0.006361221395631267, 0.006453801702383258, 0.006642223361207034, 0.006782734189443258, 0.0068797582163019734, 0.0070438634439892655, 0.007144786844338754, 0.007133142357230764, 0.00726265394318075, 0.007378565941636227, 0.00741758487303239, 0.007476128676759273, 0.0075407381588740744, 0.007542511087198512, 0.007596374197959655, 0.007659231226857082, 0.007652891770205359, 0.007678437624377404, 0.007722516209028454, 0.007654468215333043, 0.00784073736788031, 0.007912513173732755, 0.007849925837323718], "QuadDifference": [[[-0.03938062844353141, -0.16030135440849946, 0.07565476688417316], [-0.16030135440849946, 0.12430726856518248, -0.04971282770931218], [0.07565476688417316, -0.04971282770931218, -0.08492664012166529]], [[-0.02538821260565527, -0.12373795669667587, 0.058726211891960034], [-0.12373795669667587, 0.0863577971888887, -0.04164312595790509], [0.058726211891960034, -0.04164312595790509, -0.06096958458320145]], [[-0.017822336757369328, -0.10003825677969402, 0.04914452380862677], [-0.10003825677969402, 0.06410918191681247, -0.035909898605470225], [0.04914452380862677, -0.035909898605470225, -0.046286845159468015]], [[-0.013128860329395309, -0.08437403716182601, 0.04166666554984655], [-0.08437403716182601, 0.050796326579281015, -0.031363925254200176], [0.04166666554984655, -0.031363925254200176, -0.037667466249871495]], [[-0.01108496128563985, -0.07242198793419874, 0.03692146916234673], [-0.07242198793419874, 0.04143851196665338, -0.027802795537747116], [0.03692146916234673, -0.027802795537747116, -0.030353550681041952]], [[-0.00899769913899462, -0.06391734330208365, 0.03277995125740585], [-0.06391734330208365, 0.03444435559666914, -0.025587222695475198], [0.03277995125740585, -0.025587222695475198, -0.025446656457681627]], [[-0.007594501426034128, -0.05693898474475745, 0.02928103857182318], [-0.05693898474475745, 0.029829594040982954, -0.023145691997169315], [0.02928103857182318, -0.023145691997169315, -0.02223509261499146]], [[-0.006806951494446878, -0.05106903878877844, 0.026961844757916964], [-0.05106903878877844, 0.025910569305914066, -0.021311348608900715], [0.026961844757916964, -0.021311348608900715, -0.019103617811463636]], [[-0.005968777698086569, -0.046661060150832157, 0.024581899453918865], [-0.046661060150832157, 0.023147764606008536, -0.01950344886472699], [0.024581899453918865, -0.01950344886472699, -0.017178986907889993]], [[-0.005282046208030522, -0.04274842285147784, 0.022782813305362914], [-0.04274842285147784, 0.020730514764316865, -0.018339409174497057], [0.022782813305362914, -0.018339409174497057, -0.015448468556304107]], [[-0.004865138287243553, -0.03953667817834017, 0.021128466984095873], [-0.03953667817834017, 0.018958861555404383, -0.017026627557619634], [0.021128466984095873, -0.017026627557619634, -0.014093723268146618]], [[-0.004475275980468041, -0.03683982726168722, 0.019692600938362226], [-0.03683982726168722, 0.017347756252334534, -0.016074482994318018], [0.019692600938362226, -0.016074482994318018, -0.012872480271884257]], [[-0.004120358468846064, -0.03437791909730947, 0.018429118719366144], [-0.03437791909730947, 0.015925347115249622, -0.015144399525301111], [0.018429118719366144, -0.015144399525301111, -0.011804988646410663]], [[-0.003766978918825714, -0.032135881868555316, 0.01726096550454681], [-0.032135881868555316, 0.014676399971286003, -0.014312438633292679], [0.01726096550454681, -0.014312438633292679, -0.010909421052453183]], [[-0.0036094180840677836, -0.030352774636565272, 0.016349038412821315], [-0.030352774636565272, 0.013799410779412824, -0.013566401381340576], [0.016349038412821315, -0.013566401381340576, -0.010189992695391226]], [[-0.0032610845620695272, -0.028618363135716862, 0.015537550878478967], [-0.028618363135716862, 0.012668564246922642, -0.012949828939907704], [0.015537550878478967, -0.012949828939907704, -0.009407479684874431]], [[-0.003178780081576349, -0.027026774575794832, 0.014862801699440986], [-0.027026774575794832, 0.012007596659891817, -0.012230333248070657], [0.014862801699440986, -0.012230333248070657, -0.008828816578301257]], [[-0.0029502100080449623, -0.025810111496863186, 0.014154611298982545], [-0.025810111496863186, 0.011247628005129684, -0.011774646535420707], [0.014154611298982545, -0.011774646535420707, -0.00829741799709538]], [[-0.002613810550222695, -0.024616006078620245, 0.013377942105749163], [-0.024616006078620245, 0.010562061107755483, -0.011194548125916803], [0.013377942105749163, -0.011194548125916803, -0.007948250557539893]], [[-0.002647301133222868, -0.023447099213285583, 0.012878679563300466], [-0.023447099213285583, 0.01010757964853326, -0.01086008505872016], [0.012878679563300466, -0.01086008505872016, -0.007460278515310392]], [[-0.0025632186842088345, -0.022409797738909276, 0.012357017806768233], [-0.022409797738909276, 0.009630717198398031, -0.010388373863197131], [0.012357017806768233, -0.010388373863197131, -0.007067498514146564]], [[-0.002448132449565321, -0.021492921029075518, 0.011809332647894522], [-0.021492921029075518, 0.009201734065477751, -0.009972301617053425], [0.011809332647894522, -0.009972301617053425, -0.006753601615908877]], [[-0.0023245097542172743, -0.020703143055818884, 0.011231762423293823], [-0.020703143055818884, 0.00871765809044689, -0.009648517362798259], [0.011231762423293823, -0.009648517362798259, -0.006393148336201193]], [[-0.002238748724863626, -0.01990254593248153, 0.010919070511118179], [-0.01990254593248153, 0.008389542698083119, -0.009297496257289595], [0.010919070511118179, -0.009297496257289595, -0.0061507939731981764]], [[-0.0022183630277439192, -0.019106490774781548, 0.010453130616673079], [-0.019106490774781548, 0.008194552176071568, -0.00894826293721529], [0.010453130616673079, -0.00894826293721529, -0.005976189148334754]], [[-0.002053102091011283, -0.01859972948975397, 0.010122923592684074], [-0.01859972948975397, 0.007907921037229926, -0.008710968047971335], [0.010122923592684074, -0.008710968047971335, -0.005854818946225748]], [[-0.0020944433332914514, -0.01786842498531982, 0.00985462411260496], [-0.01786842498531982, 0.007575463884847977, -0.00842200081336486], [0.00985462411260496, -0.00842200081336486, -0.0054810205515849475]], [[-0.0019428399666168161, -0.017235938819784025, 0.009611797458406457], [-0.017235938819784025, 0.00716687161023799, -0.008058110836586252], [0.009611797458406457, -0.008058110836586252, -0.005224031643638938]], [[-0.0018857411552843928, -0.01663994668988522, 0.009233112238208108], [-0.01663994668988522, 0.007027503687815795, -0.007951936491655154], [0.009233112238208108, -0.007951936491655154, -0.005141762532534955]], [[-0.0018820294277688276, -0.01601008899896783, 0.008935209816649525], [-0.01601008899896783, 0.006593922858336043, -0.00764124965009394], [0.008935209816649525, -0.00764124965009394, -0.004711893430570768]]], "V4CostVals": [-0.2933035536115601, -0.1683570319257154, -0.10837974174457106, -0.07603375145084405, -0.05586755424106245, -0.043180682145222256, -0.03415178341195997, -0.027612242342839148, -0.022923839682694576, -0.019326247287715793, -0.016516645638236908, -0.014325507489192549, -0.012470689655117122, -0.010902134306338542, -0.009731901617211049, -0.008658556320702743, -0.007760204770530067, -0.007059704654312097, -0.00638273620675022, -0.005840531270967686, -0.0053397821678542925, -0.004903280431669591, -0.004520782735664586, -0.004198093896623175, -0.0038786146580175444, -0.003665191873145123, -0.003400023531054921, -0.003160146931588532, -0.0029653478219680745, -0.0027364420332636674], "OptimizerConv": [9.28564831034307e-06, 6.511094735869654e-06, 8.541305700103503e-06, 8.598813821356558e-06, 7.711013657004472e-06, 6.918995722225963e-06, 8.66877869464192e-06, 8.806832738140512e-06, 6.2265265483025896e-06, 8.895825090440834e-06, 8.574426223612197e-06, 8.240470666187074e-06, 7.216096581605691e-06, 9.798797767061924e-06, 7.567326713001578e-06, 6.117402735011752e-06, 9.249885159739989e-06, 9.630162327278182e-06, 8.683410039350155e-06, 6.683134666868e-06, 5.8063166871960185e-06, 7.122555555837726e-06, 8.291234051018811e-06, 7.744905539015955e-06, 6.617472498118031e-06, 8.235889709208678e-06, 9.389654794573276e-06, 8.046373904088293e-06, 9.753984913289746e-06, 8.033796036959007e-06]}, "FinalQuadCompare": [[-0.0018820294277688276, -0.01601008899896783, 0.008935209816649525], [-0.01601008899896783, 0.006593922858336043, -0.00764124965009394], [0.008935209816649525, -0.00764124965009394, -0.004711893430570768]], "FinalQuadTotal": [[0.3601737893217276, 0.10330858848452706, 0.22573798130063416], [0.10330858848452706, -0.8973016553303736, -0.513727595212039], [0.22573798130063416, -0.513727595212039, 0.5371278660086318]], "FinalQuadLocal": [[0.36205581874949644, 0.1193186774834949, 0.21680277148398464], [0.1193186774834949, -0.9038955781887097, -0.5060863455619451], [0.21680277148398464, -0.5060863455619451, 0.5418397594392026]], "FinalValueCostV4": -0.0027364420332636674}, {"MolNameIdx": "5118_ON2C4H10", "SweepDict": {"PenaltyVals": [0.0, 0.1724137931034483, 0.3448275862068966, 0.5172413793103449, 0.6896551724137931, 0.8620689655172414, 1.0344827586206897, 1.206896551724138, 1.3793103448275863, 1.5517241379310347, 1.7241379310344829, 1.896551724137931, 2.0689655172413794, 2.241379310344828, 2.413793103448276, 2.586206896551724, 2.7586206896551726, 2.931034482758621, 3.1034482758620694, 3.2758620689655173, 3.4482758620689657, 3.620689655172414, 3.793103448275862, 3.9655172413793105, 4.137931034482759, 4.310344827586207, 4.482758620689656, 4.655172413793104, 4.827586206896552, 5.0], "RootMeanDisplacement": [0.001481836600501677, 0.008791079248184364, 0.014272219725092196, 0.01702139852447958, 0.019278773852548777, 0.02063740738436418, 0.02133053437162617, 0.022397305336559824, 0.023512242432106655, 0.023408416508337325, 0.024618684163782836, 0.024897474639731486, 0.024903673354771533, 0.02534405647431612, 0.02593037630215241, 0.02622053694373422, 0.02597462788763617, 0.027184112813113087, 0.026402343231991393, 0.026852057112437374, 0.0, 0.0, 0.0, 0.0, 0.0, 0.0, 0.0, 0.0, 0.0, 0.0], "QuadDifference": [[[-0.233957293083094, -0.12947499727382095, -0.010744298598506674], [-0.12947499727382095, -0.015374587268496498, -0.0005444621668679872], [-0.010744298598506674, -0.0005444621668679872, 0.2493318803516047]], [[-0.18519791220904835, -0.09056414016902181, -0.007721682763498272], [-0.09056414016902181, 0.022334347909236385, -0.00823324163655137], [-0.007721682763498272, -0.00823324163655137, 0.16286356429981197]], [[-0.15619187526353073, -0.0705715202033872, -0.004398165166821677], [-0.0705715202033872, 0.034527167867778985, -0.008725454023601031], [-0.004398165166821677, -0.008725454023601031, 0.12166470739576596]], [[-0.13633665350927515, -0.0574264842319927, -0.0040077708193155814], [-0.0574264842319927, 0.036544660340211976, -0.007571199276766194], [-0.0040077708193155814, -0.007571199276766194, 0.0997919931690916]], [[-0.12140798940797026, -0.04919375546370475, -0.0032466971728704053], [-0.04919375546370475, 0.03740277636109113, -0.00633187153523096], [-0.0032466971728704053, -0.00633187153523096, 0.0840052130468365]], [[-0.10895701623091725, -0.04270908343287516, -0.003307184411368347], [-0.04270908343287516, 0.036066332322491235, -0.005646053784925442], [-0.003307184411368347, -0.005646053784925442, 0.07289068390842601]], [[-0.09960392182068745, -0.03737938401460994, -0.002923694357281015], [-0.03737938401460994, 0.034219266764765166, -0.005193901559907843], [-0.002923694357281015, -0.005193901559907843, 0.06538465505593649]], [[-0.09200496786199608, -0.0336552400295318, -0.0031661251593853024], [-0.0336552400295318, 0.033303314785058546, -0.004277287700233501], [-0.0031661251593853024, -0.004277287700233501, 0.05870165307690911]], [[-0.08582499418096745, -0.03018287526452923, -0.002273238518342602], [-0.03018287526452923, 0.03242804782468056, -0.0034010365134165], [-0.002273238518342602, -0.0034010365134165, 0.05339694635625847]], [[-0.079953574622877, -0.027577259947342725, -0.0023026231356126914], [-0.027577259947342725, 0.02965379796521006, -0.004057199322000216], [-0.0023026231356126914, -0.004057199322000216, 0.05029977665765273]], [[-0.07452332299429543, -0.02551763860216738, -0.0019107105188407303], [-0.02551763860216738, 0.029205447217236724, -0.0026985543742039653], [-0.0019107105188407303, -0.0026985543742039653, 0.045317875777072913]], [[-0.07056515736776703, -0.023553897177890804, -0.001832490473876014], [-0.023553897177890804, 0.028081613386589765, -0.002609767904379723], [-0.001832490473876014, -0.002609767904379723, 0.042483543981191474]], [[-0.06687510866524349, -0.02217094067648162, -0.0022519419767261795], [-0.02217094067648162, 0.026644880308680285, -0.0027154998249798723], [-0.0022519419767261795, -0.0027154998249798723, 0.04023022835653478]], [[-0.06305433481165323, -0.020657619851824904, -0.0021275333385553097], [-0.020657619851824904, 0.025318131204329575, -0.002528158246386525], [-0.0021275333385553097, -0.002528158246386525, 0.03773620360732366]], [[-0.05965649773834514, -0.019008099736236517, -0.001622556056741331], [-0.019008099736236517, 0.024097681437879714, -0.00247894732291698], [-0.001622556056741331, -0.00247894732291698, 0.03555881630045121]], [[-0.05713516137910801, -0.017996446576120206, -0.0016197783534774857], [-0.017996446576120206, 0.02359161585623326, -0.0020609732306109407], [-0.0016197783534774857, -0.0020609732306109407, 0.03354354552286054]], [[-0.054368764943433234, -0.017115275443678968, -0.0018415094238557472], [-0.017115275443678968, 0.02228159760866788, -0.0019940401331446367], [-0.0018415094238557472, -0.0019940401331446367, 0.03208716733468009]], [[-0.051835467380143996, -0.016098084448827876, -0.0014214972455119934], [-0.016098084448827876, 0.022050849818640472, -0.001809143642056199], [-0.0014214972455119934, -0.001809143642056199, 0.029784617561503524]], [[-0.04984224097525214, -0.015429156861483051, -0.0016882576420913509], [-0.015429156861483051, 0.020685303507491426, -0.0018748642884371947], [-0.0016882576420913509, -0.0018748642884371947, 0.029156937467803345]], [[-0.04819202065658601, -0.014562857872459034, -0.0014762876262759406], [-0.014562857872459034, 0.020280585600943368, -0.0017152134639228933], [-0.0014762876262759406, -0.0017152134639228933, 0.027911435055656852]], [[0.0, 0.0, 0.0], [0.0, 0.0, 0.0], [0.0, 0.0, 0.0]], [[0.0, 0.0, 0.0], [0.0, 0.0, 0.0], [0.0, 0.0, 0.0]], [[0.0, 0.0, 0.0], [0.0, 0.0, 0.0], [0.0, 0.0, 0.0]], [[0.0, 0.0, 0.0], [0.0, 0.0, 0.0], [0.0, 0.0, 0.0]], [[0.0, 0.0, 0.0], [0.0, 0.0, 0.0], [0.0, 0.0, 0.0]], [[0.0, 0.0, 0.0], [0.0, 0.0, 0.0], [0.0, 0.0, 0.0]], [[0.0, 0.0, 0.0], [0.0, 0.0, 0.0], [0.0, 0.0, 0.0]], [[0.0, 0.0, 0.0], [0.0, 0.0, 0.0], [0.0, 0.0, 0.0]], [[0.0, 0.0, 0.0], [0.0, 0.0, 0.0], [0.0, 0.0, 0.0]], [[0.0, 0.0, 0.0], [0.0, 0.0, 0.0], [0.0, 0.0, 0.0]]], "V4CostVals": [-0.4810812153910474, -0.24861063972558, -0.16113414615767557, -0.11676196055086532, -0.08970450007207849, -0.07083769318431317, -0.05812763108089064, -0.04891190611394042, -0.04184167748841839, -0.03623791703495814, -0.031194409016077226, -0.027745559458252453, -0.024895096583100122, -0.022049680636258916, -0.01958847405824234, -0.017877886224653198, -0.01620402854170499, -0.014630830334806952, -0.013553062437756969, -0.01258422741843398, 0.0, 0.0, 0.0, 0.0, 0.0, 0.0, 0.0, 0.0, 0.0, 0.0], "OptimizerConv": [9.074716404188214e-06, 9.938654577802687e-06, 9.79694840720983e-06, 7.992508354267297e-06, 8.795999659466496e-06, 8.451863552032088e-06, 8.533841537168839e-06, 9.383660927427167e-06, 8.254889975498515e-06, 9.643658545984594e-06, 9.210453374997548e-06, 8.06087341730815e-06, 8.101132757454333e-06, 9.27609075668393e-06, 9.657582217198978e-06, 8.506825643125181e-06, 9.378957319554103e-06, 7.3299777251047395e-06, 9.973504416606407e-06, 9.875277012229755e-06, 0.0, 0.0, 0.0, 0.0, 0.0, 0.0, 0.0, 0.0, 0.0, 0.0]}, "FinalQuadCompare": [[-0.04819202065658601, -0.014562857872459034, -0.0014762876262759406], [-0.014562857872459034, 0.020280585600943368, -0.0017152134639228933], [-0.0014762876262759406, -0.0017152134639228933, 0.027911435055656852]], "FinalQuadTotal": [[0.7203123494622758, -0.8858090153302882, 0.153944729413789], [-0.8858090153302882, -1.1268352281677494, 0.1577781249521184], [0.153944729413789, 0.1577781249521184, 0.40652287870545933]], "FinalQuadLocal": [[0.7685043701188619, -0.8712461574578292, 0.15542101704006495], [-0.8712461574578292, -1.1471158137686928, 0.1594933384160413], [0.15542101704006495, 0.1594933384160413, 0.3786114436498025]], "FinalValueCostV4": -0.01258422741843398}, {"MolNameIdx": "5121_ON2C4H10", "SweepDict": {"PenaltyVals": [0.0, 0.1724137931034483, 0.3448275862068966, 0.5172413793103449, 0.6896551724137931, 0.8620689655172414, 1.0344827586206897, 1.206896551724138, 1.3793103448275863, 1.5517241379310347, 1.7241379310344829, 1.896551724137931, 2.0689655172413794, 2.241379310344828, 2.413793103448276, 2.586206896551724, 2.7586206896551726, 2.931034482758621, 3.1034482758620694, 3.2758620689655173, 3.4482758620689657, 3.620689655172414, 3.793103448275862, 3.9655172413793105, 4.137931034482759, 4.310344827586207, 4.482758620689656, 4.655172413793104, 4.827586206896552, 5.0], "RootMeanDisplacement": [0.0009541829758762085, 0.013548750614636805, 0.02724239139398713, 0.03267551553999155, 0.03611179167868351, 0.04063523404557143, 0.04331500121418617, 0.04515312140462497, 0.047021200876832196, 0.04919581421059317, 0.04901644903610126, 0.05082732836426801, 0.0510134499444436, 0.05183197565964963, 0.05249885875023605, 0.053043440794876516, 0.05372859502996248, 0.05401676830000751, 0.053679485081842525, 0.055252617817191506, 0.05620555152903435, 0.05618016233150623, 0.05572149664427535, 0.055714247853571604, 0.0, 0.0, 0.0, 0.0, 0.0, 0.0], "QuadDifference": [[[-0.011750346139265844, -0.062284363463462, 0.22858283263715862], [-0.062284363463462, 0.20310493866652735, 0.08170678497718242], [0.22858283263715862, 0.08170678497718242, -0.1913545925272615]], [[-0.013081326733427545, -0.05701027669101677, 0.17292164304738833], [-0.05701027669101677, 0.16358397486008158, 0.028857731412644583], [0.17292164304738833, 0.028857731412644583, -0.15050264812664693]], [[-0.017102680897735922, -0.05178767341861601, 0.1364518387068614], [-0.05178767341861601, 0.11825679198760497, 0.0038464195099496834], [0.1364518387068614, 0.0038464195099496834, -0.10115411108988326]], [[-0.01896892838450981, -0.04692848482060441, 0.11293265396566454], [-0.04692848482060441, 0.09713304131809508, -0.0014462556677390381], [0.11293265396566454, -0.0014462556677390381, -0.07816411293359238]], [[-0.018796427226050128, -0.042972056250938806, 0.09796692484403735], [-0.042972056250938806, 0.08263216906087223, -0.0031241246703963554], [0.09796692484403735, -0.0031241246703963554, -0.06383574183483631]], [[-0.019397308066359642, -0.03786137972523562, 0.08360350232999281], [-0.03786137972523562, 0.06839293450141781, -0.004478040549345863], [0.08360350232999281, -0.004478040549345863, -0.04899562643505817]], [[-0.019135899711130833, -0.03405815070619411, 0.07353578536871908], [-0.03405815070619411, 0.05954316438798912, -0.004865570822254028], [0.07353578536871908, -0.004865570822254028, -0.04040726467685829]], [[-0.01866152753905226, -0.030592236788962168, 0.06541608385422393], [-0.030592236788962168, 0.05296448142174626, -0.004395649514833622], [0.06541608385422393, -0.004395649514833622, -0.03430295388268689]], [[-0.017789313314423794, -0.028413382895180916, 0.05942158387564689], [-0.028413382895180916, 0.04685521414604921, -0.004383249626124908], [0.05942158387564689, -0.004383249626124908, -0.029065900831611202]], [[-0.01675334224113101, -0.025607195792687776, 0.05299540038445372], [-0.025607195792687776, 0.0419810762486037, -0.004014271774064326], [0.05299540038445372, -0.004014271774064326, -0.02522773400745848]], [[-0.016583104158641504, -0.0242206828116025, 0.04947517041607341], [-0.0242206828116025, 0.039852660688843855, -0.0035315154575545904], [0.04947517041607341, -0.0035315154575545904, -0.023269556530195246]], [[-0.015350977676902744, -0.021871268576916236, 0.04537194302307057], [-0.021871268576916236, 0.03553407922618845, -0.0036658181454374272], [0.04537194302307057, -0.0036658181454374272, -0.020183101549278604]], [[-0.015185948600787924, -0.020544987366108103, 0.04227572443117111], [-0.020544987366108103, 0.03407090782675937, -0.0032648951204592436], [0.04227572443117111, -0.0032648951204592436, -0.018884959226014075]], [[-0.01438044373468017, -0.019184355701710842, 0.03941565965372007], [-0.019184355701710842, 0.03146766566660375, -0.0029790358244312642], [0.03941565965372007, -0.0029790358244312642, -0.017087221931888052]], [[-0.013536502225491631, -0.01812231653405405, 0.03698546217134435], [-0.01812231653405405, 0.029397614674522288, -0.002770565972889827], [0.03698546217134435, -0.002770565972889827, -0.01586111244907329]], [[-0.013201620131070513, -0.016897911266859467, 0.034869955805106656], [-0.016897911266859467, 0.027867648676341616, -0.0025024048657886766], [0.034869955805106656, -0.0025024048657886766, -0.014666028545235577]], [[-0.012381635684306502, -0.016271805195422928, 0.032524787910006125], [-0.016271805195422928, 0.026245994581813648, -0.0025678506268445034], [0.032524787910006125, -0.0025678506268445034, -0.013864358897436091]], [[-0.011982837366375065, -0.015189393831960274, 0.031117977699302912], [-0.015189393831960274, 0.024870583879746277, -0.0024041839647424013], [0.031117977699302912, -0.0024041839647424013, -0.012887746513399634]], [[-0.01208137561009437, -0.014553369167252583, 0.03014064621199708], [-0.014553369167252583, 0.024024969981475408, -0.0020719875473602656], [0.03014064621199708, -0.0020719875473602656, -0.011943594371388144]], [[-0.011046676546556, -0.013911990710468558, 0.027641772169587853], [-0.013911990710468558, 0.02207607860446359, -0.001861281087508715], [0.027641772169587853, -0.001861281087508715, -0.011029402057957327]], [[-0.010445550408846316, -0.01303686331188203, 0.02644087686911689], [-0.01303686331188203, 0.02037057053062341, -0.0019935981773144817], [0.02644087686911689, -0.0019935981773144817, -0.009925020121755779]], [[-0.01021874734995265, -0.012621462472033329, 0.02536052675918654], [-0.012621462472033329, 0.019861078746401972, -0.001674835040901712], [0.02536052675918654, -0.001674835040901712, -0.009642331396435111]], [[-0.009911479203509543, -0.011982198472921368, 0.0245211519472619], [-0.011982198472921368, 0.01996458500748588, -0.0016824590501052228], [0.0245211519472619, -0.0016824590501052228, -0.010053105803962126]], [[-0.00976727906403596, -0.011778853518563892, 0.023923217252907136], [-0.011778853518563892, 0.018911327728581284, -0.0017123059976320576], [0.023923217252907136, -0.0017123059976320576, -0.009144048664552429]], [[0.0, 0.0, 0.0], [0.0, 0.0, 0.0], [0.0, 0.0, 0.0]], [[0.0, 0.0, 0.0], [0.0, 0.0, 0.0], [0.0, 0.0, 0.0]], [[0.0, 0.0, 0.0], [0.0, 0.0, 0.0], [0.0, 0.0, 0.0]], [[0.0, 0.0, 0.0], [0.0, 0.0, 0.0], [0.0, 0.0, 0.0]], [[0.0, 0.0, 0.0], [0.0, 0.0, 0.0], [0.0, 0.0, 0.0]], [[0.0, 0.0, 0.0], [0.0, 0.0, 0.0], [0.0, 0.0, 0.0]]], "V4CostVals": [-0.6491572088576877, -0.37476917573411805, -0.2140541294377997, -0.14608182940473452, -0.10891956993179579, -0.0776008549894315, -0.05970277551498432, -0.047181469629425196, -0.03848582407178672, -0.030734282633163343, -0.027094344477708872, -0.02233756871306954, -0.019728338702769965, -0.017056477823609084, -0.015006729788531153, -0.013330867026296081, -0.0117732147054538, -0.010641585363270298, -0.009930734505452747, -0.008458675050124919, -0.007551663534863098, -0.0070214816865192715, -0.006673603199844178, -0.006263517096527201, 0.0, 0.0, 0.0, 0.0, 0.0, 0.0], "OptimizerConv": [8.60909939240479e-06, 9.601399614124489e-06, 9.506631855967374e-06, 8.605891303164481e-06, 7.486383187455455e-06, 7.91539405515962e-06, 8.521966368030389e-06, 8.84728484967918e-06, 9.18028938749493e-06, 9.272358703123931e-06, 9.675718044565313e-06, 8.64962776820714e-06, 9.627921902156148e-06, 8.689262722832351e-06, 9.92439624996646e-06, 9.363427714229148e-06, 8.971213590273463e-06, 9.800378744667911e-06, 9.97784800258121e-06, 9.85547986690027e-06, 8.673612345265184e-06, 9.89199026371736e-06, 7.794144587834e-06, 9.871279972223903e-06, 0.0, 0.0, 0.0, 0.0, 0.0, 0.0]}, "FinalQuadCompare": [[-0.00976727906403596, -0.011778853518563892, 0.023923217252907136], [-0.011778853518563892, 0.018911327728581284, -0.0017123059976320576], [0.023923217252907136, -0.0017123059976320576, -0.009144048664552429]], "FinalQuadTotal": [[-0.14282026989278052, 0.23980625971216796, 1.2760693106345755], [0.23980625971216796, 1.340689674130445, 0.3301112274434743], [1.2760693106345755, 0.3301112274434743, -1.1978694042376787]], "FinalQuadLocal": [[-0.13305299082874456, 0.25158511323073185, 1.2521460933816684], [0.25158511323073185, 1.3217783464018638, 0.3318235334411064], [1.2521460933816684, 0.3318235334411064, -1.1887253555731263]], "FinalValueCostV4": -0.006263517096527201}, {"MolNameIdx": "5128_ONC5H9", "SweepDict": {"PenaltyVals": [0.0, 0.1724137931034483, 0.3448275862068966, 0.5172413793103449, 0.6896551724137931, 0.8620689655172414, 1.0344827586206897, 1.206896551724138, 1.3793103448275863, 1.5517241379310347, 1.7241379310344829, 1.896551724137931, 2.0689655172413794, 2.241379310344828, 2.413793103448276, 2.586206896551724, 2.7586206896551726, 2.931034482758621, 3.1034482758620694, 3.2758620689655173, 3.4482758620689657, 3.620689655172414, 3.793103448275862, 3.9655172413793105, 4.137931034482759, 4.310344827586207, 4.482758620689656, 4.655172413793104, 4.827586206896552, 5.0], "RootMeanDisplacement": [0.0024807314475813057, 0.036066143200601405, 0.057392257624074364, 0.06676548841993475, 0.07316349809747194, 0.075505340455457, 0.07768191421126704, 0.07770132903078714, 0.07919192344449809, 0.07986322570221734, 0.08045780749390262, 0.0808236649768408, 0.08062734962754144, 0.08134475481698625, 0.08142173806261574, 0.08219358848878708, 0.08218046083953537, 0.0, 0.0, 0.0, 0.0, 0.0, 0.0, 0.0, 0.0, 0.0, 0.0, 0.0, 0.0, 0.0], "QuadDifference": [[[0.04090455311229135, -0.2505571999477674, -0.2673965622358807], [-0.2505571999477674, -0.18372267940846143, -0.24004872863349114], [-0.2673965622358807, -0.24004872863349114, 0.1428181262962056]], [[0.04468279084596816, -0.15934595894278303, -0.16766990839334284], [-0.15934595894278303, -0.11672210256521964, -0.2045985065000684], [-0.16766990839334284, -0.2045985065000684, 0.0720393117192657]], [[0.026764514191874866, -0.12991519964625908, -0.102409275997978], [-0.12991519964625908, -0.076338191100632, -0.15284714080438633], [-0.102409275997978, -0.15284714080438633, 0.049573676908742925]], [[0.019676746420572044, -0.11414694676517456, -0.07791540450243417], [-0.11414694676517456, -0.06557541849582549, -0.12555668420412402], [-0.07791540450243417, -0.12555668420412402, 0.045898672075253444]], [[0.017467178418812068, -0.1041508312182593, -0.06626628201246376], [-0.1041508312182593, -0.06192554437144793, -0.10817329398301467], [-0.06626628201246376, -0.10817329398301467, 0.04445836595260744]], [[0.016722859701665982, -0.0942455073757742, -0.05948830050937204], [-0.0942455073757742, -0.059606800531838644, -0.0961371101214521], [-0.05948830050937204, -0.0961371101214521, 0.04288394083014424]], [[0.016209717941102042, -0.08697770113171543, -0.05496809392604973], [-0.08697770113171543, -0.057334012150988656, -0.08739295058454921], [-0.05496809392604973, -0.08739295058454921, 0.04112429420984398]], [[0.01534566221455691, -0.07994112413879506, -0.051114226680518016], [-0.07994112413879506, -0.055706221694634905, -0.0810133574054479], [-0.051114226680518016, -0.0810133574054479, 0.04036055948002826]], [[0.014492932588836993, -0.07401506451286366, -0.04729292329073331], [-0.07401506451286366, -0.05307675979020132, -0.07458945466650668], [-0.04729292329073331, -0.07458945466650668, 0.03858382720137854]], [[0.013743620269003998, -0.06857775950385658, -0.04408685340131058], [-0.06857775950385658, -0.050777548861674404, -0.06865887818849536], [-0.04408685340131058, -0.06865887818849536, 0.03703392859269883]], [[0.013866614997489535, -0.06456405077230087, -0.04192071887709403], [-0.06456405077230087, -0.04905538999311432, -0.06386298288127712], [-0.04192071887709403, -0.06386298288127712, 0.03518877499562478]], [[0.01262127203376906, -0.06040320545409017, -0.03895340200965336], [-0.06040320545409017, -0.046299270488944444, -0.059697091625665166], [-0.03895340200965336, -0.059697091625665166, 0.03367799845516117]], [[0.012243101920404342, -0.05630338375034327, -0.036495362234269635], [-0.05630338375034327, -0.044345276521085, -0.05655599460162897], [-0.036495362234269635, -0.05655599460162897, 0.03210217460067355]], [[0.011285121094715578, -0.052818934525383554, -0.034506571373611905], [-0.052818934525383554, -0.04185611864633643, -0.05261856177473767], [-0.034506571373611905, -0.05261856177473767, 0.030570997551627954]], [[0.011403947141033655, -0.05104952148021624, -0.03271849533221882], [-0.05104952148021624, -0.0410705049085891, -0.050629045479043455], [-0.03271849533221882, -0.050629045479043455, 0.029666557767527024]], [[0.010073990429752655, -0.047702244086945456, -0.0302676622349054], [-0.047702244086945456, -0.038408993722953255, -0.04688232017690197], [-0.0302676622349054, -0.04688232017690197, 0.02833500329318639]], [[0.009928079385367994, -0.045130204440742006, -0.02894299434774439], [-0.045130204440742006, -0.03691126866917216, -0.04495362859196028], [-0.02894299434774439, -0.04495362859196028, 0.02698318928382548]], [[0.0, 0.0, 0.0], [0.0, 0.0, 0.0], [0.0, 0.0, 0.0]], [[0.0, 0.0, 0.0], [0.0, 0.0, 0.0], [0.0, 0.0, 0.0]], [[0.0, 0.0, 0.0], [0.0, 0.0, 0.0], [0.0, 0.0, 0.0]], [[0.0, 0.0, 0.0], [0.0, 0.0, 0.0], [0.0, 0.0, 0.0]], [[0.0, 0.0, 0.0], [0.0, 0.0, 0.0], [0.0, 0.0, 0.0]], [[0.0, 0.0, 0.0], [0.0, 0.0, 0.0], [0.0, 0.0, 0.0]], [[0.0, 0.0, 0.0], [0.0, 0.0, 0.0], [0.0, 0.0, 0.0]], [[0.0, 0.0, 0.0], [0.0, 0.0, 0.0], [0.0, 0.0, 0.0]], [[0.0, 0.0, 0.0], [0.0, 0.0, 0.0], [0.0, 0.0, 0.0]], [[0.0, 0.0, 0.0], [0.0, 0.0, 0.0], [0.0, 0.0, 0.0]], [[0.0, 0.0, 0.0], [0.0, 0.0, 0.0], [0.0, 0.0, 0.0]], [[0.0, 0.0, 0.0], [0.0, 0.0, 0.0], [0.0, 0.0, 0.0]], [[0.0, 0.0, 0.0], [0.0, 0.0, 0.0], [0.0, 0.0, 0.0]]], "V4CostVals": [-1.4015979984135885, -0.6744162723572286, -0.352151295578061, -0.24396698316326138, -0.19127664840616782, -0.15621336956537013, -0.13291116076389514, -0.11509285048013561, -0.09906391890466548, -0.08563294173346195, -0.0760229445649706, -0.06662048987368287, -0.05913359405357533, -0.05200594683749767, -0.04838506919163889, -0.04195186003098981, -0.03819254833384541, 0.0, 0.0, 0.0, 0.0, 0.0, 0.0, 0.0, 0.0, 0.0, 0.0, 0.0, 0.0, 0.0], "OptimizerConv": [8.723378630721451e-06, 8.746795385869575e-06, 9.115387220918482e-06, 9.918234558628e-06, 9.209493845626574e-06, 9.799029377754051e-06, 9.600678167377045e-06, 9.145745209263033e-06, 9.014223500489817e-06, 9.539986721258606e-06, 9.883529668550519e-06, 8.129186994322305e-06, 9.587717585739136e-06, 7.97083993747973e-06, 9.748724375822284e-06, 9.970333688900394e-06, 9.25048117619865e-06, 0.0, 0.0, 0.0, 0.0, 0.0, 0.0, 0.0, 0.0, 0.0, 0.0, 0.0, 0.0, 0.0]}, "FinalQuadCompare": [[0.009928079385367994, -0.045130204440742006, -0.02894299434774439], [-0.045130204440742006, -0.03691126866917216, -0.04495362859196028], [-0.02894299434774439, -0.04495362859196028, 0.02698318928382548]], "FinalQuadTotal": [[-0.9584553864346503, 0.13546000708213413, -0.3922044511542566], [0.13546000708213413, 1.5468927421522096, -0.05018311935148212], [-0.3922044511542566, -0.05018311935148212, -0.5884373557175095]], "FinalQuadLocal": [[-0.9683834658200183, 0.18059021152287613, -0.36326145680651223], [0.18059021152287613, 1.5838040108213818, -0.005229490759521838], [-0.36326145680651223, -0.005229490759521838, -0.615420545001335]], "FinalValueCostV4": -0.03819254833384541}, {"MolNameIdx": "5141_ON2C4H8", "SweepDict": {"PenaltyVals": [0.0, 0.1724137931034483, 0.3448275862068966, 0.5172413793103449, 0.6896551724137931, 0.8620689655172414, 1.0344827586206897, 1.206896551724138, 1.3793103448275863, 1.5517241379310347, 1.7241379310344829, 1.896551724137931, 2.0689655172413794, 2.241379310344828, 2.413793103448276, 2.586206896551724, 2.7586206896551726, 2.931034482758621, 3.1034482758620694, 3.2758620689655173, 3.4482758620689657, 3.620689655172414, 3.793103448275862, 3.9655172413793105, 4.137931034482759, 4.310344827586207, 4.482758620689656, 4.655172413793104, 4.827586206896552, 5.0], "RootMeanDisplacement": [0.0004905254361956544, 0.013252395543610315, 0.02444222493279015, 0.031224116640846664, 0.035118995928157, 0.03858344801166564, 0.041625909726857306, 0.042932049350516484, 0.044782090107318005, 0.04624328032583009, 0.04662919160199168, 0.04807935290041588, 0.04876984216166813, 0.04951004130550638, 0.05039338329513175, 0.04959233214848083, 0.05050182644046149, 0.05153281695942707, 0.051806227555741116, 0.05176862616534017, 0.052307865418643656, 0.05227845030060019, 0.05244250865524379, 0.053246168241424995, 0.05256214694096939, 0.05301118495994322, 0.053212838206024286, 0.054038370571446774, 0.05349706935125938, 0.4413919089718986], "QuadDifference": [[[-0.09101431857658326, -0.24261340411598287, 0.03998729542519541], [-0.24261340411598287, -0.18822372962195288, 0.09254629421677407], [0.03998729542519541, 0.09254629421677407, 0.2792380481985717]], [[-0.0645941106209591, -0.18267900510410073, 0.024671925212082613], [-0.18267900510410073, -0.13112529071237589, 0.10705260235276626], [0.024671925212082613, 0.10705260235276626, 0.1957194013333421]], [[-0.04569239340209208, -0.14259903737523372, 0.013948962146876909], [-0.14259903737523372, -0.09116675692108345, 0.09764408080579301], [0.013948962146876909, 0.09764408080579301, 0.13685915032319684]], [[-0.03365631990462248, -0.11938459602629425, 0.0077361736364416345], [-0.11938459602629425, -0.0708910382004575, 0.0836619552767246], [0.0077361736364416345, 0.0836619552767246, 0.10454735810509419]], [[-0.027792955232044392, -0.10146172534389564, 0.005819640308612151], [-0.10146172534389564, -0.0587309010277437, 0.07169951894433524], [0.005819640308612151, 0.07169951894433524, 0.08652385625976677]], [[-0.0231068059618309, -0.08775151573569562, 0.0031206282434723676], [-0.08775151573569562, -0.04740809924086875, 0.0628552102399027], [0.0031206282434723676, 0.0628552102399027, 0.07051490520270676]], [[-0.01870366666538814, -0.07783989699188654, 0.001602839029626324], [-0.07783989699188654, -0.04135335955918151, 0.0542677843993431], [0.001602839029626324, 0.0542677843993431, 0.06005702622455544]], [[-0.016178227500972753, -0.06962894821937282, 0.0009712256708986899], [-0.06962894821937282, -0.03732593891675151, 0.04960063246078761], [0.0009712256708986899, 0.04960063246078761, 0.05350416641771716]], [[-0.01438318193360999, -0.06269724945745025, -0.0002789896345909426], [-0.06269724945745025, -0.032473003009997115, 0.044239814351804796], [-0.0002789896345909426, 0.044239814351804796, 0.046856184943621315]], [[-0.012582114412424517, -0.057292265399611075, -0.0002494288769057107], [-0.057292265399611075, -0.02929879335130181, 0.04020664257463835], [-0.0002494288769057107, 0.04020664257463835, 0.04188090776374054]], [[-0.011572356123309646, -0.05328554436297872, -0.0002358850487595987], [-0.05328554436297872, -0.02827973620637181, 0.03726499058387134], [-0.0002358850487595987, 0.03726499058387134, 0.03985209232971698]], [[-0.010339703328270389, -0.04931126317583723, -0.0005612598133950542], [-0.04931126317583723, -0.02572241871664005, 0.03409395201764198], [-0.0005612598133950542, 0.03409395201764198, 0.03606212204493886]], [[-0.009320648840272838, -0.04542608063313236, -0.0011603408284024397], [-0.04542608063313236, -0.02275113259599948, 0.03182854358412612], [-0.0011603408284024397, 0.03182854358412612, 0.032071781436251]], [[-0.008542632064944655, -0.04286777864155056, -0.000893128460933923], [-0.04286777864155056, -0.021988523032092644, 0.029547238006863097], [-0.000893128460933923, 0.029547238006863097, 0.0305311550970373]], [[-0.008021672692464676, -0.040541093108195536, -0.0008622131525370946], [-0.040541093108195536, -0.020866928018975273, 0.027121293336470842], [-0.0008622131525370946, 0.027121293336470842, 0.02888860071146837]], [[-0.007676238971328075, -0.0379110922596293, -0.0011027635396878566], [-0.0379110922596293, -0.020191407622021984, 0.026650493030913935], [-0.0011027635396878566, 0.026650493030913935, 0.02786764659333585]], [[-0.007094671993144175, -0.03581232356576036, -0.001193700171775447], [-0.03581232356576036, -0.018445471083722964, 0.02472021263655222], [-0.001193700171775447, 0.02472021263655222, 0.02554014307690977]], [[-0.0065487280302534145, -0.03427522498878122, -0.001170521419172843], [-0.03427522498878122, -0.0175135327224325, 0.02319011978082841], [-0.001170521419172843, 0.02319011978082841, 0.024062260752671705]], [[-0.006248435629501614, -0.03238184236118502, -0.0012288836560614413], [-0.03238184236118502, -0.01633051502543026, 0.02209716684934193], [-0.0012288836560614413, 0.02209716684934193, 0.022578950654910557]], [[-0.0058585080679449675, -0.03097193534658027, -0.0013084211155351966], [-0.03097193534658027, -0.015998808094849437, 0.02129261183480935], [-0.0013084211155351966, 0.02129261183480935, 0.021857316162808615]], [[-0.005599970981378988, -0.029588819197351235, -0.0011866906390771703], [-0.029588819197351235, -0.015309662584371608, 0.02017736233759848], [-0.0011866906390771703, 0.02017736233759848, 0.02090963356579323]], [[-0.0055390688130501076, -0.028284643136788024, -0.001185109366783621], [-0.028284643136788024, -0.014522321026646523, 0.019423694696243388], [-0.001185109366783621, 0.019423694696243388, 0.02006138983969663]], [[-0.0051587146834179975, -0.027078664139808195, -0.0011887164970687536], [-0.027078664139808195, -0.01399755516655432, 0.01869039604078182], [-0.0011887164970687536, 0.01869039604078182, 0.01915626984997232]], [[-0.004749672730255838, -0.026214734493122283, -0.0009783975654613641], [-0.026214734493122283, -0.013524655246271777, 0.017492627502591063], [-0.0009783975654613641, 0.017492627502591063, 0.018274327976484983]], [[-0.004637865138093389, -0.02488968945404224, -0.001179191228818155], [-0.02488968945404224, -0.012874826085123914, 0.01748419981992555], [-0.001179191228818155, 0.01748419981992555, 0.017512691223210197]], [[-0.004490355685732084, -0.024158045872298972, -0.0011140247431242756], [-0.024158045872298972, -0.01240584649664811, 0.016441938037331738], [-0.0011140247431242756, 0.016441938037331738, 0.01689620218235177]], [[-0.004227149438278843, -0.023183964435543825, -0.001179997383832898], [-0.023183964435543825, -0.012235134222095212, 0.016039479498829223], [-0.001179997383832898, 0.016039479498829223, 0.01646228366039537]], [[-0.0039446938349669836, -0.022564906553524722, -0.0011146505225241299], [-0.022564906553524722, -0.011579044370421343, 0.015176062807015], [-0.0011146505225241299, 0.015176062807015, 0.015523738205388327]], [[-0.003978357032139002, -0.021721164830974082, -0.0011768435746866146], [-0.021721164830974082, -0.011176002859