[{"BasisSet": "aug-cc-pvtz", "LevelOfTheory": "scf", "Scheme": "V5", "StartIndex": 200, "StopIndex": 350, "Cores": 8, "Memory": 8.0}, {"MolNameIdx": "2841_OC6H12", "SweepDict": {"PenaltyVals": [0.0, 0.1724137931034483, 0.3448275862068966, 0.5172413793103449, 0.6896551724137931, 0.8620689655172414, 1.0344827586206897, 1.206896551724138, 1.3793103448275863, 1.5517241379310347, 1.7241379310344829, 1.896551724137931, 2.0689655172413794, 2.241379310344828, 2.413793103448276, 2.586206896551724, 2.7586206896551726, 2.931034482758621, 3.1034482758620694, 3.2758620689655173, 3.4482758620689657, 3.620689655172414, 3.793103448275862, 3.9655172413793105, 4.137931034482759, 4.310344827586207, 4.482758620689656, 4.655172413793104, 4.827586206896552, 5.0], "RootMeanDisplacement": [0.0003994071078727735, 0.0012098624807191595, 0.0037762829977964073, 0.0223106974788778, 0.036967441423326336, 0.04368370815410509, 0.7730825153735075, 0.8718305584416783, 0.8458329840021701, 0.9059781099737767, 1.0318885827320572, 1.0026406493446407, 1.128082061807474, 0.876279730567315, 1.0395142148410974, 0.8659782471107947, 0.8746518898964635, 0.9046400563734106, 0.8065221924500791, 0.8826161233125355, 0.0, 0.0, 0.0, 0.0, 0.0, 0.0, 0.0, 0.0, 0.0, 0.0], "QuadDifference": [[[-0.2607600601725437, -0.14542987465557644, 0.08741178209269229], [-0.14542987465557644, 0.1775303911200865, 0.05007600430528569], [0.08741178209269229, 0.05007600430528569, 0.08322966905242879]], [[-0.25209009152429473, -0.14247468633517713, 0.08636286212931132], [-0.14247468633517713, 0.157285821155412, 0.045328170436029325], [0.08636286212931132, 0.045328170436029325, 0.09480427036893957]], [[-0.24572895803825645, -0.13352560901370225, 0.08705476483920371], [-0.13352560901370225, 0.14485704866856963, 0.04158712873908854], [0.08705476483920371, 0.04158712873908854, 0.1008719093696584]], [[-0.22580017225448046, -0.09801815458281737, 0.08626045114033509], [-0.09801815458281737, 0.12477198548282331, 0.030250035718509594], [0.08626045114033509, 0.030250035718509594, 0.10102818677162873]], [[-0.18957814456371125, -0.07281976774798693, 0.07915226961789124], [-0.07281976774798693, 0.09177297631848091, 0.018553812951683568], [0.07915226961789124, 0.018553812951683568, 0.09780516824525876]], [[-0.16755288459168582, -0.06434886678087537, 0.07350263424527093], [-0.06434886678087537, 0.07371511017646526, 0.011956401357089419], [0.07350263424527093, 0.011956401357089419, 0.09383777441522057]], [[-0.12428467174714797, -0.0864873237940742, 0.05922627478864584], [-0.0864873237940742, 0.0323788598349779, 0.006136095458870727], [0.05922627478864584, 0.006136095458870727, 0.09190581191214164]], [[-0.1325009853521948, -0.05293435273561897, 0.0626027217532723], [-0.05293435273561897, 0.04615884706707618, 0.004951725939235985], [0.0626027217532723, 0.004951725939235985, 0.08634213828511861]], [[-0.12356548272052237, -0.05139127478679484, 0.05913511413318773], [-0.05139127478679484, 0.041062385800842094, 0.0037728306706803494], [0.05913511413318773, 0.0037728306706803494, 0.08250309691963764]], [[-0.09744510203780976, -0.04642292279633864, 0.0516484095134917], [-0.04642292279633864, 0.01798868293592193, -0.002540254204241421], [0.0516484095134917, -0.002540254204241421, 0.07945641910185941]], [[-0.09517306896019306, -0.04566154989140614, 0.04988622284147226], [-0.04566154989140614, 0.018797546135473908, -0.0011663048652010843], [0.04988622284147226, -0.0011663048652010843, 0.076375522824776]], [[-0.09718002628706301, -0.04403067688882345, 0.048955360954821], [-0.04403067688882345, 0.02443518517351606, 0.0010225403716646042], [0.048955360954821, 0.0010225403716646042, 0.07274484111361801]], [[-0.09152911067729974, -0.0427855034592568, 0.046340867631416316], [-0.0427855034592568, 0.02161877902017295, -0.0005441346414478687], [0.046340867631416316, -0.0005441346414478687, 0.06991033165718363]], [[-0.08789747798275016, -0.04201206185561546, 0.04448112168060092], [-0.04201206185561546, 0.021133124107564072, 0.0006788540742519444], [0.04448112168060092, 0.0006788540742519444, 0.06676435387517188]], [[-0.08236137916181008, -0.04109241041612677, 0.04201468670956565], [-0.04109241041612677, 0.018310604822815435, -0.0003808405901750689], [0.04201468670956565, -0.0003808405901750689, 0.06405077433898043]], [[-0.07935595643816384, -0.03970508070831613, 0.040342051062509654], [-0.03970508070831613, 0.0183228488445053, -0.00036934210219996544], [0.040342051062509654, -0.00036934210219996544, 0.06103310759364433]], [[-0.07595682540474513, -0.0389277998012858, 0.03868898060904158], [-0.0389277998012858, 0.017656002502604906, -0.00046901172749258535], [0.03868898060904158, -0.00046901172749258535, 0.05830082290218286]], [[-0.07432863228102349, -0.0371338560094614, 0.037312185828476174], [-0.0371338560094614, 0.01835856423367943, 0.00021332281500363592], [0.037312185828476174, 0.00021332281500363592, 0.05597006804735827]], [[-0.07137296225194234, -0.03625561790842369, 0.03578468482476538], [-0.03625561790842369, 0.01755935392908725, 0.00012070772791972217], [0.03578468482476538, 0.00012070772791972217, 0.05381360832282667]], [[-0.0684253868321889, -0.03512341115735751, 0.034292765935180824], [-0.03512341115735751, 0.017164384596469517, -0.00020368276755888814], [0.034292765935180824, -0.00020368276755888814, 0.05126100223571939]], [[0.0, 0.0, 0.0], [0.0, 0.0, 0.0], [0.0, 0.0, 0.0]], [[0.0, 0.0, 0.0], [0.0, 0.0, 0.0], [0.0, 0.0, 0.0]], [[0.0, 0.0, 0.0], [0.0, 0.0, 0.0], [0.0, 0.0, 0.0]], [[0.0, 0.0, 0.0], [0.0, 0.0, 0.0], [0.0, 0.0, 0.0]], [[0.0, 0.0, 0.0], [0.0, 0.0, 0.0], [0.0, 0.0, 0.0]], [[0.0, 0.0, 0.0], [0.0, 0.0, 0.0], [0.0, 0.0, 0.0]], [[0.0, 0.0, 0.0], [0.0, 0.0, 0.0], [0.0, 0.0, 0.0]], [[0.0, 0.0, 0.0], [0.0, 0.0, 0.0], [0.0, 0.0, 0.0]], [[0.0, 0.0, 0.0], [0.0, 0.0, 0.0], [0.0, 0.0, 0.0]], [[0.0, 0.0, 0.0], [0.0, 0.0, 0.0], [0.0, 0.0, 0.0]]], "V4CostVals": [-0.5389099104897181, -0.5002187003140612, -0.46487866333891326, -0.3592617581701167, -0.24788346978069584, -0.1966632331515616, -0.14981855397447816, -0.12954455210355012, -0.11498240374941678, -0.08222387806542303, -0.07777250702998442, -0.07653286180234734, -0.06914773473345653, -0.06413917681831194, -0.0577978784378181, -0.05345325873171706, -0.04943196241831781, -0.0463450455043979, -0.04300269159291337, -0.03960838103685864, 0.0, 0.0, 0.0, 0.0, 0.0, 0.0, 0.0, 0.0, 0.0, 0.0], "OptimizerConv": [9.4779596214705e-06, 7.998148473770117e-06, 9.23639505544763e-06, 9.569567697307345e-06, 7.4679367745064485e-06, 9.413226873511473e-06, 8.243796043436213e-06, 9.909809022924443e-06, 8.608165377244664e-06, 9.486799790153656e-06, 8.63979696265809e-06, 9.774645406566719e-06, 9.868725714693513e-06, 9.169396721933672e-06, 6.994319471957981e-06, 7.612248952218018e-06, 7.158882058865067e-06, 8.79285755049743e-06, 7.729458564384549e-06, 9.162608204049178e-06, 0.0, 0.0, 0.0, 0.0, 0.0, 0.0, 0.0, 0.0, 0.0, 0.0]}, "FinalQuadCompare": [[-0.0684253868321889, -0.03512341115735751, 0.034292765935180824], [-0.03512341115735751, 0.017164384596469517, -0.00020368276755888814], [0.034292765935180824, -0.00020368276755888814, 0.05126100223571939]], "FinalQuadTotal": [[-1.090235045473733, -1.0056456615034222, -0.006084546244172984], [-1.0056456615034222, 0.2767230578471924, 0.022169160980514135], [-0.006084546244172984, 0.022169160980514135, 0.8135119876265833]], "FinalQuadLocal": [[-1.0218096586415442, -0.9705222503460647, -0.04037731217935381], [-0.9705222503460647, 0.2595586732507229, 0.022372843748073024], [-0.04037731217935381, 0.022372843748073024, 0.7622509853908639]], "FinalValueCostV4": -0.03960838103685864}, {"MolNameIdx": "2856_OC6H12", "SweepDict": {"PenaltyVals": [0.0, 0.1724137931034483, 0.3448275862068966, 0.5172413793103449, 0.6896551724137931, 0.8620689655172414, 1.0344827586206897, 1.206896551724138, 1.3793103448275863, 1.5517241379310347, 1.7241379310344829, 1.896551724137931, 2.0689655172413794, 2.241379310344828, 2.413793103448276, 2.586206896551724, 2.7586206896551726, 2.931034482758621, 3.1034482758620694, 3.2758620689655173, 3.4482758620689657, 3.620689655172414, 3.793103448275862, 3.9655172413793105, 4.137931034482759, 4.310344827586207, 4.482758620689656, 4.655172413793104, 4.827586206896552, 5.0], "RootMeanDisplacement": [0.000701558097131054, 0.0020309910797796167, 0.00723649842360222, 0.01788479057000335, 0.02824364911537106, 0.03938294766395746, 0.05249204346108788, 0.057496824744815135, 0.30161230209432266, 1.3602359325040803, 1.4960991066022407, 1.8900472782958861, 0.0, 0.0, 0.0, 0.0, 0.0, 0.0, 0.0, 0.0, 0.0, 0.0, 0.0, 0.0, 0.0, 0.0, 0.0, 0.0, 0.0, 0.0], "QuadDifference": [[[0.12266583610258408, -0.08569567872716277, 0.15913716968275082], [-0.08569567872716277, 0.010675983310719062, 0.0943997933590488], [0.15913716968275082, 0.0943997933590488, -0.1333418194132321]], [[0.09577470978851466, -0.07914141777013128, 0.1571980831690638], [-0.07914141777013128, 0.02850134607160726, 0.09690324818028984], [0.1571980831690638, 0.09690324818028984, -0.12427605586012191]], [[0.07589544357577438, -0.0745762318913421, 0.15383315568297462], [-0.0745762318913421, 0.03879694645152654, 0.09439108848650335], [0.15383315568297462, 0.09439108848650335, -0.1146923900272725]], [[0.05050989222195312, -0.06492559748927818, 0.14360210275340535], [-0.06492559748927818, 0.04574953615158961, 0.08659311727819485], [0.14360210275340535, 0.08659311727819485, -0.096259428373628]], [[0.03049756137900772, -0.05232321531077844, 0.12426466806796554], [-0.05232321531077844, 0.04803669987350645, 0.07896383197487111], [0.12426466806796554, 0.07896383197487111, -0.07853426125258522]], [[0.06318071434586159, -0.041105796487542534, 0.0894420428580105], [-0.041105796487542534, 0.040618868698402366, 0.0950501673982096], [0.0894420428580105, 0.0950501673982096, -0.10379958304429238]], [[0.04189063752315292, -0.025732316890767493, 0.06493061663375954], [-0.025732316890767493, 0.03946127658959142, 0.08273950994768597], [0.06493061663375954, 0.08273950994768597, -0.0813519141127017]], [[0.03222263406266279, -0.02130942940952707, 0.05612905726962936], [-0.02130942940952707, 0.03968110420767346, 0.07617718822006836], [0.05612905726962936, 0.07617718822006836, -0.07190373827032204]], [[0.008969869829797972, -0.0267052296723449, 0.0783647559592282], [-0.0267052296723449, 0.042808334393967584, 0.06305545653249922], [0.0783647559592282, 0.06305545653249922, -0.051778204223765556]], [[0.0072620481255114555, -0.023061277200994823, 0.07156940193549133], [-0.023061277200994823, 0.0411001638383226, 0.06038725759181318], [0.07156940193549133, 0.06038725759181318, -0.048362211963819846]], [[0.0061780959139809966, -0.020457710972195287, 0.06604841456677946], [-0.020457710972195287, 0.03933369757177729, 0.058091903628508135], [0.06604841456677946, 0.058091903628508135, -0.0455117934857725]], [[0.005139028577701765, -0.019931727473689875, 0.06175030260274639], [-0.019931727473689875, 0.039176575704061634, 0.055408257316280185], [0.06175030260274639, 0.055408257316280185, -0.044315604281720766]], [[0.0, 0.0, 0.0], [0.0, 0.0, 0.0], [0.0, 0.0, 0.0]], [[0.0, 0.0, 0.0], [0.0, 0.0, 0.0], [0.0, 0.0, 0.0]], [[0.0, 0.0, 0.0], [0.0, 0.0, 0.0], [0.0, 0.0, 0.0]], [[0.0, 0.0, 0.0], [0.0, 0.0, 0.0], [0.0, 0.0, 0.0]], [[0.0, 0.0, 0.0], [0.0, 0.0, 0.0], [0.0, 0.0, 0.0]], [[0.0, 0.0, 0.0], [0.0, 0.0, 0.0], [0.0, 0.0, 0.0]], [[0.0, 0.0, 0.0], [0.0, 0.0, 0.0], [0.0, 0.0, 0.0]], [[0.0, 0.0, 0.0], [0.0, 0.0, 0.0], [0.0, 0.0, 0.0]], [[0.0, 0.0, 0.0], [0.0, 0.0, 0.0], [0.0, 0.0, 0.0]], [[0.0, 0.0, 0.0], [0.0, 0.0, 0.0], [0.0, 0.0, 0.0]], [[0.0, 0.0, 0.0], [0.0, 0.0, 0.0], [0.0, 0.0, 0.0]], [[0.0, 0.0, 0.0], [0.0, 0.0, 0.0], [0.0, 0.0, 0.0]], [[0.0, 0.0, 0.0], [0.0, 0.0, 0.0], [0.0, 0.0, 0.0]], [[0.0, 0.0, 0.0], [0.0, 0.0, 0.0], [0.0, 0.0, 0.0]], [[0.0, 0.0, 0.0], [0.0, 0.0, 0.0], [0.0, 0.0, 0.0]], [[0.0, 0.0, 0.0], [0.0, 0.0, 0.0], [0.0, 0.0, 0.0]], [[0.0, 0.0, 0.0], [0.0, 0.0, 0.0], [0.0, 0.0, 0.0]], [[0.0, 0.0, 0.0], [0.0, 0.0, 0.0], [0.0, 0.0, 0.0]]], "V4CostVals": [-0.37014252917489066, -0.3384493634098008, -0.3082647841362548, -0.25052510418578305, -0.1856595094817593, -0.17172601379875985, -0.10641352359087214, -0.08479806219980211, -0.08370228655672478, -0.07231342509407172, -0.06365983972333836, -0.057660395976047024, 0.0, 0.0, 0.0, 0.0, 0.0, 0.0, 0.0, 0.0, 0.0, 0.0, 0.0, 0.0, 0.0, 0.0, 0.0, 0.0, 0.0, 0.0], "OptimizerConv": [9.401494247655656e-06, 9.875663643947902e-06, 9.958638268348918e-06, 9.283093565482924e-06, 8.680657887256896e-06, 8.885662452010316e-06, 9.237556998880985e-06, 9.380704200296659e-06, 7.4834412620984525e-06, 8.418575619801088e-06, 9.014583464807624e-06, 9.693295727097323e-06, 0.0, 0.0, 0.0, 0.0, 0.0, 0.0, 0.0, 0.0, 0.0, 0.0, 0.0, 0.0, 0.0, 0.0, 0.0, 0.0, 0.0, 0.0]}, "FinalQuadCompare": [[0.005139028577701765, -0.019931727473689875, 0.06175030260274639], [-0.019931727473689875, 0.039176575704061634, 0.055408257316280185], [0.06175030260274639, 0.055408257316280185, -0.044315604281720766]], "FinalQuadTotal": [[-0.7333626127018817, -0.3012829498197789, 1.3914954571707625], [-0.3012829498197789, 0.9142123951344701, 0.1931984862730758], [1.3914954571707625, 0.1931984862730758, -0.18084978243254568]], "FinalQuadLocal": [[-0.7385016412795835, -0.281351222346089, 1.3297451545680161], [-0.281351222346089, 0.8750358194304084, 0.1377902289567956], [1.3297451545680161, 0.1377902289567956, -0.13653417815082491]], "FinalValueCostV4": -0.057660395976047024}, {"MolNameIdx": "2891_O2C5H6", "SweepDict": {"PenaltyVals": [0.0, 0.1724137931034483, 0.3448275862068966, 0.5172413793103449, 0.6896551724137931, 0.8620689655172414, 1.0344827586206897, 1.206896551724138, 1.3793103448275863, 1.5517241379310347, 1.7241379310344829, 1.896551724137931, 2.0689655172413794, 2.241379310344828, 2.413793103448276, 2.586206896551724, 2.7586206896551726, 2.931034482758621, 3.1034482758620694, 3.2758620689655173, 3.4482758620689657, 3.620689655172414, 3.793103448275862, 3.9655172413793105, 4.137931034482759, 4.310344827586207, 4.482758620689656, 4.655172413793104, 4.827586206896552, 5.0], "RootMeanDisplacement": [0.0014281524971185096, 0.025297092097010004, 0.06177352524413485, 0.08269677160151495, 0.09807773230640407, 0.10313732141846119, 0.15795735610072695, 0.11217815268689503, 0.11306588577742822, 0.4860103451023973, 0.5130063283089741, 0.5514921523167843, 1.300662285786182, 1.349699926636558, 0.6686724884168872, 0.6689294392276877, 0.6644532595207698, 0.0, 0.0, 0.0, 0.0, 0.0, 0.0, 0.0, 0.0, 0.0, 0.0, 0.0, 0.0, 0.0], "QuadDifference": [[[-0.7378214121040969, -0.06780230646879204, -0.20167228018661554], [-0.06780230646879204, 0.3858402207686922, 0.026988720052242954], [-0.20167228018661554, 0.026988720052242954, 0.3519811913353976]], [[-0.5942203447069261, -0.06627848434351336, -0.1664292982102893], [-0.06627848434351336, 0.2928080545782308, -0.01942566584661165], [-0.1664292982102893, -0.01942566584661165, 0.3014122901287095]], [[-0.44857461759852413, -0.0753295763305033, -0.10963230016533565], [-0.0753295763305033, 0.1931868839361357, -0.010291491136594999], [-0.10963230016533565, -0.010291491136594999, 0.25538773366236]], [[-0.3560918047412258, -0.05245455054675574, -0.09290026420376307], [-0.05245455054675574, 0.15084958094184486, 0.006368018284975463], [-0.09290026420376307, 0.006368018284975463, 0.20524222379937385]], [[-0.3013033488542334, -0.03641329091821888, -0.07812993485009301], [-0.03641329091821888, 0.13707653444547674, 0.006956310461415427], [-0.07812993485009301, 0.006956310461415427, 0.16422681440874953]], [[-0.26906104687230936, -0.031483034763965634, -0.06885041715239204], [-0.031483034763965634, 0.12446306335317558, 0.006181852297793], [-0.06885041715239204, 0.006181852297793, 0.14459798351911957]], [[-0.23782628880007906, -0.024681493401715215, -0.05663355183315488], [-0.024681493401715215, 0.11350854580517478, 0.006043117560118105], [-0.05663355183315488, 0.006043117560118105, 0.12431774299489007]], [[-0.22114492086058135, -0.024556224203408306, -0.054232929283017484], [-0.024556224203408306, 0.10728382643895884, 0.0037886072036403817], [-0.054232929283017484, 0.0037886072036403817, 0.11386109442159409]], [[-0.20246476631086807, -0.022903670981534674, -0.04894495754225581], [-0.022903670981534674, 0.09885796076212472, 0.0026440842821191524], [-0.04894495754225581, 0.0026440842821191524, 0.10360680554875046]], [[-0.18403315840720325, -0.018223823614064827, -0.042709562858879835], [-0.018223823614064827, 0.08879918587726365, 0.0036529796384598967], [-0.042709562858879835, 0.0036529796384598967, 0.09523397252991117]], [[-0.17471073604639287, -0.019190476135364065, -0.040216742262357386], [-0.019190476135364065, 0.08682809864311025, 0.0023923654370889835], [-0.040216742262357386, 0.0023923654370889835, 0.08788263740323998]], [[-0.16057515949646017, -0.016307155294143172, -0.03582409948968035], [-0.016307155294143172, 0.0784732341311738, 0.002769617467436092], [-0.03582409948968035, 0.002769617467436092, 0.08210192536529348]], [[-0.15012416315460086, -0.01440677150559111, -0.03366518871593982], [-0.01440677150559111, 0.07354542998736946, 0.0026503492708069842], [-0.03366518871593982, 0.0026503492708069842, 0.07657873316716746]], [[-0.14358315408748012, -0.01573572065301221, -0.032446917981712176], [-0.01573572065301221, 0.07188003764225925, 0.001684254317062539], [-0.032446917981712176, 0.001684254317062539, 0.07170311644516403]], [[-0.13518374579399506, -0.015574232698398305, -0.029587677008990454], [-0.015574232698398305, 0.06745073714378691, 0.0014627182859214827], [-0.029587677008990454, 0.0014627182859214827, 0.0677330086502792]], [[-0.12763542654386129, -0.014555240717342599, -0.027925055082338446], [-0.014555240717342599, 0.06350084935296962, 0.0018121963107127215], [-0.027925055082338446, 0.0018121963107127215, 0.06413457719098403]], [[-0.12205234694698675, -0.013361248594364383, -0.027225395828525123], [-0.013361248594364383, 0.06095932849204644, 0.0014705876615810354], [-0.027225395828525123, 0.0014705876615810354, 0.061093018454926096]], [[0.0, 0.0, 0.0], [0.0, 0.0, 0.0], [0.0, 0.0, 0.0]], [[0.0, 0.0, 0.0], [0.0, 0.0, 0.0], [0.0, 0.0, 0.0]], [[0.0, 0.0, 0.0], [0.0, 0.0, 0.0], [0.0, 0.0, 0.0]], [[0.0, 0.0, 0.0], [0.0, 0.0, 0.0], [0.0, 0.0, 0.0]], [[0.0, 0.0, 0.0], [0.0, 0.0, 0.0], [0.0, 0.0, 0.0]], [[0.0, 0.0, 0.0], [0.0, 0.0, 0.0], [0.0, 0.0, 0.0]], [[0.0, 0.0, 0.0], [0.0, 0.0, 0.0], [0.0, 0.0, 0.0]], [[0.0, 0.0, 0.0], [0.0, 0.0, 0.0], [0.0, 0.0, 0.0]], [[0.0, 0.0, 0.0], [0.0, 0.0, 0.0], [0.0, 0.0, 0.0]], [[0.0, 0.0, 0.0], [0.0, 0.0, 0.0], [0.0, 0.0, 0.0]], [[0.0, 0.0, 0.0], [0.0, 0.0, 0.0], [0.0, 0.0, 0.0]], [[0.0, 0.0, 0.0], [0.0, 0.0, 0.0], [0.0, 0.0, 0.0]], [[0.0, 0.0, 0.0], [0.0, 0.0, 0.0], [0.0, 0.0, 0.0]]], "V4CostVals": [-2.898447749089831, -1.8957284729080741, -1.0819309288654357, -0.6839369551531111, -0.4830053714369893, -0.3836368732394411, -0.2952413363171093, -0.25663263519039126, -0.21473178194999326, -0.1758638110324464, -0.15867012089538163, -0.1332543500291679, -0.11638683212149459, -0.1069001082749412, -0.09453514710155067, -0.0842503742764195, -0.07711754165406472, 0.0, 0.0, 0.0, 0.0, 0.0, 0.0, 0.0, 0.0, 0.0, 0.0, 0.0, 0.0, 0.0], "OptimizerConv": [9.500362114239915e-06, 8.877719195493915e-06, 9.262232399276859e-06, 8.445212401674634e-06, 8.725276649259536e-06, 9.163373492550152e-06, 9.95118195234624e-06, 8.532740123960668e-06, 9.131537758047215e-06, 9.704168103906921e-06, 8.965817057158767e-06, 9.60762866336114e-06, 8.987677899821642e-06, 9.659457223792681e-06, 8.751403904581259e-06, 8.489379827822758e-06, 9.881649538866667e-06, 0.0, 0.0, 0.0, 0.0, 0.0, 0.0, 0.0, 0.0, 0.0, 0.0, 0.0, 0.0, 0.0]}, "FinalQuadCompare": [[-0.12205234694698675, -0.013361248594364383, -0.027225395828525123], [-0.013361248594364383, 0.06095932849204644, 0.0014705876615810354], [-0.027225395828525123, 0.0014705876615810354, 0.061093018454926096]], "FinalQuadTotal": [[-1.0382689013722626, -1.9668752950597082, -0.19821170291183776], [-1.9668752950597082, -0.07736549025517547, -0.014324168244934654], [-0.19821170291183776, -0.014324168244934654, 1.1156343916274807]], "FinalQuadLocal": [[-0.9162165544252758, -1.9535140464653438, -0.17098630708331264], [-1.9535140464653438, -0.1383248187472219, -0.01579475590651569], [-0.17098630708331264, -0.01579475590651569, 1.0545413731725546]], "FinalValueCostV4": -0.07711754165406472}, {"MolNameIdx": "2892_O2C5H8", "SweepDict": {"PenaltyVals": [0.0, 0.1724137931034483, 0.3448275862068966, 0.5172413793103449, 0.6896551724137931, 0.8620689655172414, 1.0344827586206897, 1.206896551724138, 1.3793103448275863, 1.5517241379310347, 1.7241379310344829, 1.896551724137931, 2.0689655172413794, 2.241379310344828, 2.413793103448276, 2.586206896551724, 2.7586206896551726, 2.931034482758621, 3.1034482758620694, 3.2758620689655173, 3.4482758620689657, 3.620689655172414, 3.793103448275862, 3.9655172413793105, 4.137931034482759, 4.310344827586207, 4.482758620689656, 4.655172413793104, 4.827586206896552, 5.0], "RootMeanDisplacement": [0.005324377417663784, 0.014129812313066308, 0.03160386562855301, 0.054138409333985504, 0.06781730786730687, 0.5602552323849892, 0.5605811238496043, 0.5795922446204029, 0.6304547075610801, 0.8723717537915778, 1.4913431182454784, 0.8817622002858384, 0.9204485330317531, 0.9501051115952556, 0.9501916501077788, 0.0, 0.0, 0.0, 0.0, 0.0, 0.0, 0.0, 0.0, 0.0, 0.0, 0.0, 0.0, 0.0, 0.0, 0.0], "QuadDifference": [[[-0.4410431909468855, -0.33096154992146865, 0.022348989456492774], [-0.33096154992146865, 0.0899835324375573, 0.039077920667768495], [0.022348989456492774, 0.039077920667768495, 0.351059658509314]], [[-0.387417791790142, -0.29580735528770674, 0.03248335566828331], [-0.29580735528770674, 0.11347239612227611, 0.030363897624159364], [0.03248335566828331, 0.030363897624159364, 0.27394539566793696]], [[-0.3376034221904405, -0.23561813532163, 0.03142385355635824], [-0.23561813532163, 0.1028716183990781, 0.035386974210343425], [0.03142385355635824, 0.035386974210343425, 0.23473180379136238]], [[-0.2712360037113086, -0.17757954703667167, 0.028713324184096223], [-0.17757954703667167, 0.07048996669195162, 0.037272819037831084], [0.028713324184096223, 0.037272819037831084, 0.20074603701937122]], [[-0.22143231821925724, -0.1498027235530799, 0.028216926612955717], [-0.1498027235530799, 0.04328105851378439, 0.03290702450071592], [0.028216926612955717, 0.03290702450071592, 0.17815125970543022]], [[-0.18519483536147163, -0.13468628507814628, 0.02602277927422847], [-0.13468628507814628, 0.038642625597177016, 0.02949374646838976], [0.02602277927422847, 0.02949374646838976, 0.14655220976436567]], [[-0.1706791698200334, -0.12499902754584014, 0.02267159997462187], [-0.12499902754584014, 0.028397193254477315, 0.030871895725237408], [0.02267159997462187, 0.030871895725237408, 0.14228197656549924]], [[-0.15379176053137655, -0.11714531997617428, 0.022401942867496416], [-0.11714531997617428, 0.024740409219390358, 0.027048293042199134], [0.022401942867496416, 0.027048293042199134, 0.12905135131197198]], [[-0.1418841326060516, -0.11083025063203422, 0.01988922590119202], [-0.11083025063203422, 0.023485874346306446, 0.02681573072825927], [0.01988922590119202, 0.02681573072825927, 0.11839825825970252]], [[-0.1306251846383759, -0.10522840411512391, 0.018852063534051666], [-0.10522840411512391, 0.022511519208308073, 0.02582302435400763], [0.018852063534051666, 0.02582302435400763, 0.10811366543018153]], [[-0.1212977248140561, -0.10048777254176855, 0.018176215792315986], [-0.10048777254176855, 0.021294130924772503, 0.024561507974084407], [0.018176215792315986, 0.024561507974084407, 0.10000359388922675]], [[-0.11377696158641015, -0.09556457439076382, 0.017207250224910098], [-0.09556457439076382, 0.021157852238786745, 0.02316701943077959], [0.017207250224910098, 0.02316701943077959, 0.09261910934765183]], [[-0.10622412790941382, -0.09111014237110737, 0.01680208607282907], [-0.09111014237110737, 0.01955482598302183, 0.022396444718850717], [0.01680208607282907, 0.022396444718850717, 0.08666930192643463]], [[-0.10055107096400207, -0.08708368338410821, 0.015502485431515112], [-0.08708368338410821, 0.019282402519635866, 0.022486120289240574], [0.015502485431515112, 0.022486120289240574, 0.08126866844438041]], [[-0.09537101710094475, -0.08353237189676577, 0.015338083925037438], [-0.08353237189676577, 0.018120218671626276, 0.02098104279899715], [0.015338083925037438, 0.02098104279899715, 0.07725079842923321]], [[0.0, 0.0, 0.0], [0.0, 0.0, 0.0], [0.0, 0.0, 0.0]], [[0.0, 0.0, 0.0], [0.0, 0.0, 0.0], [0.0, 0.0, 0.0]], [[0.0, 0.0, 0.0], [0.0, 0.0, 0.0], [0.0, 0.0, 0.0]], [[0.0, 0.0, 0.0], [0.0, 0.0, 0.0], [0.0, 0.0, 0.0]], [[0.0, 0.0, 0.0], [0.0, 0.0, 0.0], [0.0, 0.0, 0.0]], [[0.0, 0.0, 0.0], [0.0, 0.0, 0.0], [0.0, 0.0, 0.0]], [[0.0, 0.0, 0.0], [0.0, 0.0, 0.0], [0.0, 0.0, 0.0]], [[0.0, 0.0, 0.0], [0.0, 0.0, 0.0], [0.0, 0.0, 0.0]], [[0.0, 0.0, 0.0], [0.0, 0.0, 0.0], [0.0, 0.0, 0.0]], [[0.0, 0.0, 0.0], [0.0, 0.0, 0.0], [0.0, 0.0, 0.0]], [[0.0, 0.0, 0.0], [0.0, 0.0, 0.0], [0.0, 0.0, 0.0]], [[0.0, 0.0, 0.0], [0.0, 0.0, 0.0], [0.0, 0.0, 0.0]], [[0.0, 0.0, 0.0], [0.0, 0.0, 0.0], [0.0, 0.0, 0.0]], [[0.0, 0.0, 0.0], [0.0, 0.0, 0.0], [0.0, 0.0, 0.0]], [[0.0, 0.0, 0.0], [0.0, 0.0, 0.0], [0.0, 0.0, 0.0]]], "V4CostVals": [-1.750227754293373, -1.3293620483528188, -0.9410355497967833, -0.5940537423621362, -0.4185475165496347, -0.30810959748562716, -0.2689681839569761, -0.22581883007900178, -0.19605973976171184, -0.17040139694379686, -0.15057572530282629, -0.13358862665028576, -0.11906841759552567, -0.10758639535146333, -0.0978687601627973, 0.0, 0.0, 0.0, 0.0, 0.0, 0.0, 0.0, 0.0, 0.0, 0.0, 0.0, 0.0, 0.0, 0.0, 0.0], "OptimizerConv": [9.110197254761417e-06, 8.67121623617435e-06, 9.468038268874311e-06, 9.945412176227865e-06, 9.573707076845096e-06, 9.401339528405535e-06, 9.978885455874653e-06, 9.741922493798659e-06, 9.588421421064896e-06, 8.579597464479185e-06, 9.02459378835e-06, 9.939452096533325e-06, 9.770015147706223e-06, 9.149032712430306e-06, 9.598741538249445e-06, 0.0, 0.0, 0.0, 0.0, 0.0, 0.0, 0.0, 0.0, 0.0, 0.0, 0.0, 0.0, 0.0, 0.0, 0.0]}, "FinalQuadCompare": [[-0.09537101710094475, -0.08353237189676577, 0.015338083925037438], [-0.08353237189676577, 0.018120218671626276, 0.02098104279899715], [0.015338083925037438, 0.02098104279899715, 0.07725079842923321]], "FinalQuadTotal": [[-0.0742002516645357, -2.5442009028394494, -0.6223798428795], [-2.5442009028394494, -1.3260494602240414, -0.6346356536057378], [-0.6223798428795, -0.6346356536057378, 1.400249711888506]], "FinalQuadLocal": [[0.021170765436409056, -2.4606685309426837, -0.6377179268045374], [-2.4606685309426837, -1.3441696788956676, -0.655616696404735], [-0.6377179268045374, -0.655616696404735, 1.3229989134592728]], "FinalValueCostV4": -0.0978687601627973}, {"MolNameIdx": "2896_O2C5H10", "SweepDict": {"PenaltyVals": [0.0, 0.1724137931034483, 0.3448275862068966, 0.5172413793103449, 0.6896551724137931, 0.8620689655172414, 1.0344827586206897, 1.206896551724138, 1.3793103448275863, 1.5517241379310347, 1.7241379310344829, 1.896551724137931, 2.0689655172413794, 2.241379310344828, 2.413793103448276, 2.586206896551724, 2.7586206896551726, 2.931034482758621, 3.1034482758620694, 3.2758620689655173, 3.4482758620689657, 3.620689655172414, 3.793103448275862, 3.9655172413793105, 4.137931034482759, 4.310344827586207, 4.482758620689656, 4.655172413793104, 4.827586206896552, 5.0], "RootMeanDisplacement": [0.0014018747152891155, 0.005422728591335146, 0.009848158088111946, 0.025706253369114484, 0.039805109935710625, 0.047346845110744884, 0.055170971800781114, 0.05767420523587958, 0.14848795294364667, 0.0, 0.0, 0.0, 0.0, 0.0, 0.0, 0.0, 0.0, 0.0, 0.0, 0.0, 0.0, 0.0, 0.0, 0.0, 0.0, 0.0, 0.0, 0.0, 0.0, 0.0], "QuadDifference": [[[-0.034562692556761476, 0.28792929606956363, 0.04586957184316098], [0.28792929606956363, -0.12015378335820515, -0.0536171495579969], [0.04586957184316098, -0.0536171495579969, 0.1547164759149382]], [[-0.011724230825606696, 0.2613322122062698, 0.040216244269680956], [0.2613322122062698, -0.1327445722677254, -0.04406601996478998], [0.040216244269680956, -0.04406601996478998, 0.14446880309328947]], [[0.0051719206763749526, 0.23757637731908687, 0.03363014581205537], [0.23757637731908687, -0.1414186110115594, -0.04477463967395523], [0.03363014581205537, -0.04477463967395523, 0.13624669033521286]], [[0.01716716012511199, 0.19255911541188198, 0.02769243303392166], [0.19255911541188198, -0.15055144578174406, -0.040748014490538775], [0.02769243303392166, -0.040748014490538775, 0.13338428565660365]], [[0.008737086544002182, 0.14874979747779093, 0.021073206807402656], [0.14874979747779093, -0.13642621910530295, -0.03652209036565024], [0.021073206807402656, -0.03652209036565024, 0.12768913256130077]], [[0.0022274293783510757, 0.12329975352832889, 0.021468566845205928], [0.12329975352832889, -0.12382266902723416, -0.029660586696168112], [0.021468566845205928, -0.029660586696168112, 0.1215952396489115]], [[-0.0041049492810003585, 0.10337037664191939, 0.02592091816288189], [0.10337037664191939, -0.10951128062411897, -0.020376836169488932], [0.02592091816288189, -0.020376836169488932, 0.11361622990513354]], [[-0.008196681139125417, 0.09391090200486474, 0.013107885466110858], [0.09391090200486474, -0.09961892261252103, -0.02887859557197303], [0.013107885466110858, -0.02887859557197303, 0.10781560375164645]], [[-0.043703816330605605, 0.08731041507869008, 0.02090073456329211], [0.08731041507869008, -0.0563770481332142, -0.019642072944165756], [0.02090073456329211, -0.019642072944165756, 0.10008086446381981]], [[0.0, 0.0, 0.0], [0.0, 0.0, 0.0], [0.0, 0.0, 0.0]], [[0.0, 0.0, 0.0], [0.0, 0.0, 0.0], [0.0, 0.0, 0.0]], [[0.0, 0.0, 0.0], [0.0, 0.0, 0.0], [0.0, 0.0, 0.0]], [[0.0, 0.0, 0.0], [0.0, 0.0, 0.0], [0.0, 0.0, 0.0]], [[0.0, 0.0, 0.0], [0.0, 0.0, 0.0], [0.0, 0.0, 0.0]], [[0.0, 0.0, 0.0], [0.0, 0.0, 0.0], [0.0, 0.0, 0.0]], [[0.0, 0.0, 0.0], [0.0, 0.0, 0.0], [0.0, 0.0, 0.0]], [[0.0, 0.0, 0.0], [0.0, 0.0, 0.0], [0.0, 0.0, 0.0]], [[0.0, 0.0, 0.0], [0.0, 0.0, 0.0], [0.0, 0.0, 0.0]], [[0.0, 0.0, 0.0], [0.0, 0.0, 0.0], [0.0, 0.0, 0.0]], [[0.0, 0.0, 0.0], [0.0, 0.0, 0.0], [0.0, 0.0, 0.0]], [[0.0, 0.0, 0.0], [0.0, 0.0, 0.0], [0.0, 0.0, 0.0]], [[0.0, 0.0, 0.0], [0.0, 0.0, 0.0], [0.0, 0.0, 0.0]], [[0.0, 0.0, 0.0], [0.0, 0.0, 0.0], [0.0, 0.0, 0.0]], [[0.0, 0.0, 0.0], [0.0, 0.0, 0.0], [0.0, 0.0, 0.0]], [[0.0, 0.0, 0.0], [0.0, 0.0, 0.0], [0.0, 0.0, 0.0]], [[0.0, 0.0, 0.0], [0.0, 0.0, 0.0], [0.0, 0.0, 0.0]], [[0.0, 0.0, 0.0], [0.0, 0.0, 0.0], [0.0, 0.0, 0.0]], [[0.0, 0.0, 0.0], [0.0, 0.0, 0.0], [0.0, 0.0, 0.0]], [[0.0, 0.0, 0.0], [0.0, 0.0, 0.0], [0.0, 0.0, 0.0]], [[0.0, 0.0, 0.0], [0.0, 0.0, 0.0], [0.0, 0.0, 0.0]]], "V4CostVals": [-0.6865084017205176, -0.5813139320872018, -0.5029132191699891, -0.3818239595048017, -0.26398275267889665, -0.20151945598800702, -0.15450713307689948, -0.13155934386842272, -0.10200758489256334, 0.0, 0.0, 0.0, 0.0, 0.0, 0.0, 0.0, 0.0, 0.0, 0.0, 0.0, 0.0, 0.0, 0.0, 0.0, 0.0, 0.0, 0.0, 0.0, 0.0, 0.0], "OptimizerConv": [9.616989457411416e-06, 8.705056375573554e-06, 9.733792947966777e-06, 9.247165755142542e-06, 8.700090247706531e-06, 9.219787218909423e-06, 9.709126666047688e-06, 7.924314801483364e-06, 8.547761500276158e-06, 0.0, 0.0, 0.0, 0.0, 0.0, 0.0, 0.0, 0.0, 0.0, 0.0, 0.0, 0.0, 0.0, 0.0, 0.0, 0.0, 0.0, 0.0, 0.0, 0.0, 0.0]}, "FinalQuadCompare": [[-0.043703816330605605, 0.08731041507869008, 0.02090073456329211], [0.08731041507869008, -0.0563770481332142, -0.019642072944165756], [0.02090073456329211, -0.019642072944165756, 0.10008086446381981]], "FinalQuadTotal": [[1.548944095352141, -1.618747153644179, -0.18170222102093714], [-1.618747153644179, -2.6218045525814375, -0.19481487031155598], [-0.18170222102093714, -0.19481487031155598, 1.072860457229325]], "FinalQuadLocal": [[1.5926479116827466, -1.7060575687228692, -0.20260295558422925], [-1.7060575687228692, -2.5654275044482233, -0.17517279736739022], [-0.20260295558422925, -0.17517279736739022, 0.9727795927655052]], "FinalValueCostV4": -0.10200758489256334}, {"MolNameIdx": "2914_OC6H8", "SweepDict": {"PenaltyVals": [0.0, 0.1724137931034483, 0.3448275862068966, 0.5172413793103449, 0.6896551724137931, 0.8620689655172414, 1.0344827586206897, 1.206896551724138, 1.3793103448275863, 1.5517241379310347, 1.7241379310344829, 1.896551724137931, 2.0689655172413794, 2.241379310344828, 2.413793103448276, 2.586206896551724, 2.7586206896551726, 2.931034482758621, 3.1034482758620694, 3.2758620689655173, 3.4482758620689657, 3.620689655172414, 3.793103448275862, 3.9655172413793105, 4.137931034482759, 4.310344827586207, 4.482758620689656, 4.655172413793104, 4.827586206896552, 5.0], "RootMeanDisplacement": [0.0002483406179388502, 0.006746385533499988, 0.013676144676422223, 0.020569693949574967, 0.028580935690396866, 0.03538152911211748, 0.03941668605263584, 0.04320006996601507, 0.04504354049097199, 0.046284380343780254, 0.04739624610034463, 0.049982977095960425, 0.050691717373731696, 0.05066295157666445, 0.052265178624460513, 0.05260008010486618, 0.27563122815043, 0.4688112556247748, 0.5683648551146838, 0.0, 0.0, 0.0, 0.0, 0.0, 0.0, 0.0, 0.0, 0.0, 0.0, 0.0], "QuadDifference": [[[0.11594477619905774, -0.12603183030986287, -0.028109760214476864], [-0.12603183030986287, -0.4755535642786981, 0.2883012379469516], [-0.028109760214476864, 0.2883012379469516, 0.3596087880796617]], [[0.09525322951125759, -0.08436196318206868, -0.045144038166721856], [-0.08436196318206868, -0.41292686256898037, 0.25846351912918486], [-0.045144038166721856, 0.25846351912918486, 0.3176736330577441]], [[0.07583142142669885, -0.06359636505022337, -0.053280849861575774], [-0.06359636505022337, -0.3676793045758586, 0.23800164717552263], [-0.053280849861575774, 0.23800164717552263, 0.2918478831491953]], [[0.06245481130146402, -0.05355487812471438, -0.0544076687065953], [-0.05355487812471438, -0.32702478032783233, 0.21444494513007584], [-0.0544076687065953, 0.21444494513007584, 0.2645699690263825]], [[0.05330018067279241, -0.04754152049613225, -0.051093352599293596], [-0.04754152049613225, -0.2840050201016737, 0.1896561510296646], [-0.051093352599293596, 0.1896561510296646, 0.2307048394288742]], [[0.05123196052659296, -0.04295187498252062, -0.0466546269572401], [-0.04295187498252062, -0.24431505632252026, 0.16820616030522473], [-0.0466546269572401, 0.16820616030522473, 0.19308309579589888]], [[0.04809502132853538, -0.03963880464774405, -0.0422995503589334], [-0.03963880464774405, -0.21208317461176307, 0.15261296176924155], [-0.0422995503589334, 0.15261296176924155, 0.163988153283249]], [[0.045418252975395035, -0.03567702593223032, -0.038154767271469936], [-0.03567702593223032, -0.1858260184338718, 0.13721004758200017], [-0.038154767271469936, 0.13721004758200017, 0.14040776545848388]], [[0.04193874255328467, -0.033127745105822726, -0.03306958493922352], [-0.033127745105822726, -0.16464895762163678, 0.1242846446873731], [-0.03306958493922352, 0.1242846446873731, 0.12271021506839475]], [[0.040308736177721016, -0.030055800826048085, -0.02989040032835355], [-0.030055800826048085, -0.14821051357043302, 0.1136931603649689], [-0.02989040032835355, 0.1136931603649689, 0.10790177739274043]], [[0.037720267216727166, -0.027552549934085846, -0.026385406733220762], [-0.027552549934085846, -0.13407272980229834, 0.1039763329697525], [-0.026385406733220762, 0.1039763329697525, 0.09635246258553565]], [[0.03546482236953352, -0.02570385190866631, -0.024601841080940545], [-0.02570385190866631, -0.12236316359125965, 0.0961074554497543], [-0.024601841080940545, 0.0961074554497543, 0.08689834122174034]], [[0.03391165986595013, -0.023560296009662807, -0.02229001146522691], [-0.023560296009662807, -0.11290638360497951, 0.0890489516240276], [-0.02229001146522691, 0.0890489516240276, 0.07899472373908623]], [[0.032214231203582244, -0.021729998727558097, -0.020264457693400573], [-0.021729998727558097, -0.10506269905064869, 0.08288493467098235], [-0.020264457693400573, 0.08288493467098235, 0.07284846784708066]], [[0.030466733753954145, -0.020537407567637445, -0.0189059848045261], [-0.020537407567637445, -0.09781117081243451, 0.07776229362358222], [-0.0189059848045261, 0.07776229362358222, 0.06734443705848747]], [[0.02836047704046507, -0.01956005401245875, -0.017031434968940218], [-0.01956005401245875, -0.09090425594149565, 0.07274362989001482], [-0.017031434968940218, 0.07274362989001482, 0.06254377890104479]], [[0.01629132634465691, -0.021055628618867672, -0.015187214531028559], [-0.021055628618867672, -0.07711028712098766, 0.06591057767988495], [-0.015187214531028559, 0.06591057767988495, 0.06081896077635918]], [[0.026509051245184878, -0.01722699883613643, -0.01514718903418455], [-0.01722699883613643, -0.08112105375357714, 0.06516015662766605], [-0.01514718903418455, 0.06516015662766605, 0.05461200250838516]], [[0.025435131581758696, -0.016225352985138386, -0.014392070881145358], [-0.016225352985138386, -0.07671098159538303, 0.06181583409757607], [-0.014392070881145358, 0.06181583409757607, 0.05127585001361723]], [[0.0, 0.0, 0.0], [0.0, 0.0, 0.0], [0.0, 0.0, 0.0]], [[0.0, 0.0, 0.0], [0.0, 0.0, 0.0], [0.0, 0.0, 0.0]], [[0.0, 0.0, 0.0], [0.0, 0.0, 0.0], [0.0, 0.0, 0.0]], [[0.0, 0.0, 0.0], [0.0, 0.0, 0.0], [0.0, 0.0, 0.0]], [[0.0, 0.0, 0.0], [0.0, 0.0, 0.0], [0.0, 0.0, 0.0]], [[0.0, 0.0, 0.0], [0.0, 0.0, 0.0], [0.0, 0.0, 0.0]], [[0.0, 0.0, 0.0], [0.0, 0.0, 0.0], [0.0, 0.0, 0.0]], [[0.0, 0.0, 0.0], [0.0, 0.0, 0.0], [0.0, 0.0, 0.0]], [[0.0, 0.0, 0.0], [0.0, 0.0, 0.0], [0.0, 0.0, 0.0]], [[0.0, 0.0, 0.0], [0.0, 0.0, 0.0], [0.0, 0.0, 0.0]], [[0.0, 0.0, 0.0], [0.0, 0.0, 0.0], [0.0, 0.0, 0.0]]], "V4CostVals": [-1.8124382948871802, -1.3785933398299801, -1.1259502377023818, -0.9069357423800277, -0.6963021895794008, -0.5235709673713345, -0.4064443855643667, -0.3169600964471324, -0.25250395159526395, -0.20620731749608706, -0.16965591634625846, -0.14278654544720737, -0.12147179339211586, -0.10485215364606895, -0.09144473786002662, -0.07941056776894706, -0.06359272209179166, -0.06315655935716948, -0.056569839962348316, 0.0, 0.0, 0.0, 0.0, 0.0, 0.0, 0.0, 0.0, 0.0, 0.0, 0.0], "OptimizerConv": [8.94827666881378e-06, 9.667584176216362e-06, 9.86466464682148e-06, 8.523047241527e-06, 9.094877076442325e-06, 9.835214948643413e-06, 9.691877996851515e-06, 9.594394512509808e-06, 9.348706711717696e-06, 9.757142019601747e-06, 9.017828199555874e-06, 7.732982968056992e-06, 9.313669125529474e-06, 8.603233741263556e-06, 8.989452204615182e-06, 8.877017665398197e-06, 8.415570983360323e-06, 7.645193222509616e-06, 6.42502528569624e-06, 0.0, 0.0, 0.0, 0.0, 0.0, 0.0, 0.0, 0.0, 0.0, 0.0, 0.0]}, "FinalQuadCompare": [[0.025435131581758696, -0.016225352985138386, -0.014392070881145358], [-0.016225352985138386, -0.07671098159538303, 0.06181583409757607], [-0.014392070881145358, 0.06181583409757607, 0.05127585001361723]], "FinalQuadTotal": [[1.3453331578869552, 0.48890343122965163, 0.12284447494601913], [0.48890343122965163, -0.8090762458012648, -0.0425426389572614], [0.12284447494601913, -0.0425426389572614, -0.5362569120856691]], "FinalQuadLocal": [[1.3198980263051965, 0.50512878421479, 0.1372365458271645], [0.50512878421479, -0.7323652642058818, -0.10435847305483748], [0.1372365458271645, -0.10435847305483748, -0.5875327620992863]], "FinalValueCostV4": -0.056569839962348316}, {"MolNameIdx": "2918_OC6H10", "SweepDict": {"PenaltyVals": [0.0, 0.1724137931034483, 0.3448275862068966, 0.5172413793103449, 0.6896551724137931, 0.8620689655172414, 1.0344827586206897, 1.206896551724138, 1.3793103448275863, 1.5517241379310347, 1.7241379310344829, 1.896551724137931, 2.0689655172413794, 2.241379310344828, 2.413793103448276, 2.586206896551724, 2.7586206896551726, 2.931034482758621, 3.1034482758620694, 3.2758620689655173, 3.4482758620689657, 3.620689655172414, 3.793103448275862, 3.9655172413793105, 4.137931034482759, 4.310344827586207, 4.482758620689656, 4.655172413793104, 4.827586206896552, 5.0], "RootMeanDisplacement": [0.0028229425444577494, 0.003795070041532719, 0.008067553524919616, 0.009219472683378662, 0.014948470451672984, 0.017022844791010506, 0.02193988914634909, 0.02656094487088509, 0.