[{"BasisSet": "6-311ppg_d_p_", "LevelOfTheory": "scf", "Scheme": "V5", "StartIndex": 0, "StopIndex": 2, "Cores": 4, "Memory": 6.0}, {"SweepDict": {"PenaltyVals": [0.0, 0.1724137931034483, 0.3448275862068966, 0.5172413793103449, 0.6896551724137931, 0.8620689655172414, 1.0344827586206897, 1.206896551724138, 1.3793103448275863, 1.5517241379310347, 1.7241379310344829, 1.896551724137931, 2.0689655172413794, 2.241379310344828, 2.413793103448276, 2.586206896551724, 2.7586206896551726, 2.931034482758621, 3.1034482758620694, 3.2758620689655173, 3.4482758620689657, 3.620689655172414, 3.793103448275862, 3.9655172413793105, 4.137931034482759, 4.310344827586207, 4.482758620689656, 4.655172413793104, 4.827586206896552, 5.0], "RootMeanDisplacement": [0.00013539803116842175, 0.0018697015905955613, 0.003190468108652296, 0.0041366245383483, 0.004940930860443478, 0.005647912656382274, 0.006241756755418282, 0.0067238897222496735, 0.007171512543968023, 0.007559914046697969, 0.007862600845356655, 0.008256940775369502, 0.008543026679736014, 0.00888032620137444, 0.00906335613771642, 0.009404850342444988, 0.0096305631055655, 0.009837994958842031, 0.010044802896176565, 0.010229967795479075, 0.010439394075558203, 0.010578914047960944, 0.010684238722790512, 0.010899459940044445, 0.011089178924517542, 0.01117280508332762, 0.011308837452792264, 0.011512196459906133, 0.011576800937244393, 0.011739202225232169], "QuadDifference": [[[0.11230041564096283, -0.0233352044796879, 0.10660035694775338], [-0.0233352044796879, -0.13029100158799878, -0.02037271807840535], [0.10660035694775338, -0.02037271807840535, 0.017990585947044835]], [[0.10098942081026863, -0.01980240129810623, 0.0942016890360815], [-0.01980240129810623, -0.10951735433325993, -0.016138418365933993], [0.0942016890360815, -0.016138418365933993, 0.008527933522980646]], [[0.09183479570643982, -0.01766969162746762, 0.08532951137668299], [-0.01766969162746762, -0.09514428017098098, -0.013707418562714513], [0.08532951137668299, -0.013707418562714513, 0.003309484464555368]], [[0.08398834792864918, -0.01594185464876341, 0.07832054373853659], [-0.01594185464876341, -0.08446825657607704, -0.011373190658611532], [0.07832054373853659, -0.011373190658611532, 0.0004799086474243097]], [[0.07777136212285995, -0.014623010660564872, 0.07257134470893511], [-0.014623010660564872, -0.07614973785790546, -0.009940472030301573], [0.07257134470893511, -0.009940472030301573, -0.0016216242649438328]], [[0.07220450280900081, -0.013551951501825366, 0.06765321366413346], [-0.013551951501825366, -0.06923749436404236, -0.008706116883391402], [0.06765321366413346, -0.008706116883391402, -0.002967008444947794]], [[0.06744003102433993, -0.012786690399319844, 0.06318715889465132], [-0.012786690399319844, -0.06342017748021433, -0.007889840269968085], [0.06318715889465132, -0.007889840269968085, -0.004019853544122043]], [[0.06342251462356785, -0.012117134902197235, 0.059472659307017395], [-0.012117134902197235, -0.05899571877385057, -0.0072015812284170755], [0.059472659307017395, -0.0072015812284170755, -0.004426795849720833]], [[0.059456588214406025, -0.01127148993989302, 0.056209744271397355], [-0.01127148993989302, -0.054785567230368315, -0.006413655222390902], [0.056209744271397355, -0.006413655222390902, -0.004671020984030605]], [[0.056263312777797836, -0.010677176205152072, 0.05320473625084432], [-0.010677176205152072, -0.051174848336986045, -0.006069349999148654], [0.05320473625084432, -0.006069349999148654, -0.0050884644408153434]], [[0.053126124151965826, -0.010221788693742018, 0.050805441533967155], [-0.010221788693742018, -0.0482139908846797, -0.005471102304448694], [0.050805441533967155, -0.005471102304448694, -0.004912133267291452]], [[0.050507000334732766, -0.009613957764393055, 0.048317626006904035], [-0.009613957764393055, -0.04520628530556259, -0.005197524522000618], [0.048317626006904035, -0.005197524522000618, -0.005300715029166625]], [[0.048102060083440534, -0.009036300180745749, 0.04611573240548772], [-0.009036300180745749, -0.04285441918970889, -0.004929222110403586], [0.04611573240548772, -0.004929222110403586, -0.005247640893729866]], [[0.045929050812933525, -0.0086946957745207, 0.043772036896802646], [-0.0086946957745207, -0.04070097827235841, -0.0045611565466241455], [0.043772036896802646, -0.0045611565466241455, -0.005228072540575113]], [[0.04379987512269068, -0.00859188298489838, 0.04220115564742244], [-0.00859188298489838, -0.0386933355296577, -0.004328387588420357], [0.04220115564742244, -0.004328387588420357, -0.005106539593025872]], [[0.04223447053538365, -0.008004663371171394, 0.04020225989670223], [-0.008004663371171394, -0.03685894344626739, -0.0040125023914904245], [0.04020225989670223, -0.0040125023914904245, -0.005375527089118037]], [[0.04036885767973786, -0.007628378195616237, 0.038479661625595796], [-0.007628378195616237, -0.03518864923863951, -0.003814518296171965], [0.038479661625595796, -0.003814518296171965, -0.005180208441107226]], [[0.03877778709992086, -0.007459935546707319, 0.03703642449471367], [-0.007459935546707319, -0.03366741035123866, -0.003686890615607119], [0.03703642449471367, -0.003686890615607119, -0.005110376748682199]], [[0.03727834293406218, -0.007169820613512734, 0.03559835232375619], [-0.007169820613512734, -0.032259515893073853, -0.0034979846070161136], [0.03559835232375619, -0.0034979846070161136, -0.00501882704099188]], [[0.03609114287487003, -0.0070394958033479504, 0.034377497872796425], [-0.0070394958033479504, -0.031040254821935065, -0.003338283319215929], [0.034377497872796425, -0.003338283319215929, -0.005050888052931413]], [[0.03462154054997413, -0.006687815538742203, 0.03296652003366418], [-0.006687815538742203, -0.029782071319099046, -0.003242147895997083], [0.03296652003366418, -0.003242147895997083, -0.0048394692308626475]], [[0.03349830461609926, -0.0063932084694279245, 0.032052253219809757], [-0.0063932084694279245, -0.028780020650096105, -0.003081074560659869], [0.032052253219809757, -0.003081074560659869, -0.00471828396600138]], [[0.0323518053617029, -0.006303101276105949, 0.03109093721072398], [-0.006303101276105949, -0.027729834291125854, -0.0030669537242713485], [0.03109093721072398, -0.0030669537242713485, -0.004621971070559283]], [[0.031138597419413827, -0.006095504588922995, 0.02990063478545224], [-0.006095504588922995, -0.026634520993404465, -0.0029031823644897203], [0.02990063478545224, -0.0029031823644897203, -0.004504076426000481]], [[0.030326171454269968, -0.0057953045593330255, 0.028824653724186078], [-0.0057953045593330255, -0.025829603781689414, -0.0026896404917741146], [0.028824653724186078, -0.0026896404917741146, -0.0044965676725894355]], [[0.02928207146959494, -0.005709793249886297, 0.02804285774439741], [-0.005709793249886297, -0.024898072095474788, -0.002694717642497735], [0.02804285774439741, -0.002694717642497735, -0.004383999374111269]], [[0.028401060751221507, -0.0055669942356237345, 0.0271658992878816], [-0.0055669942356237345, -0.024096188542104713, -0.0026478052612612935], [0.0271658992878816, -0.0026478052612612935, -0.004304872209107913]], [[0.027647334525124023, -0.005430666192289435, 0.02618071163242952], [-0.005430666192289435, -0.02343542971127377, -0.0025072966712701428], [0.02618071163242952, -0.0025072966712701428, -0.004211904813839595]], [[0.026827777027484956, -0.005220076094279824, 0.0255590666603549], [-0.005220076094279824, -0.022687439110711694, -0.002457646507763589], [0.0255590666603549, -0.002457646507763589, -0.004140337916776815]], [[0.026224339862061186, -0.0050451429858939245, 0.024686235850127858], [-0.0050451429858939245, -0.022041134252653194, -0.0023201692903757065], [0.024686235850127858, -0.0023201692903757065, -0.004183205609404439]]], "V4CostVals": [-0.17393529696839147, -0.13172929883568002, -0.10539782198948222, -0.0867946877872243, -0.07335332259661766, -0.06277083021621621, -0.054272005788762116, -0.04780236869981709, -0.04212724839530151, -0.03753535135363136, -0.03380154757128225, -0.03038518064582274, -0.027555205055500954, -0.02492529966115644, -0.022918373041935447, -0.020926928099173948, -0.01913377571902528, -0.01767882316659974, -0.016314628309249683, -0.015228407650425574, -0.014005766130460008, -0.013160948932312922, -0.01233329426842616, -0.011408899986236388, -0.01068157723766542, -0.010039738551724145, -0.009429696568617928, -0.008843068745674271, -0.008367881263604977, -0.007879519224962566], "OptimizerConv": [9.063302278037371e-06, 9.428089047262486e-06, 6.408794344359722e-06, 9.921718536369288e-06, 5.779837351068639e-06, 6.5183511282730376e-06, 7.415272029820481e-06, 9.776281198141397e-06, 8.567520765952536e-06, 9.986111253549266e-06, 8.337881315117573e-06, 7.905605663635899e-06, 7.769201917713143e-06, 8.644328833128421e-06, 9.308634531582539e-06, 9.579529034716636e-06, 6.638189922408722e-06, 7.031640111227202e-06, 6.9210685264816755e-06, 6.068925501617947e-06, 9.875920184979483e-06, 6.383258886333287e-06, 9.16194179878288e-06, 6.099436752610557e-06, 7.031966581819337e-06, 6.268371741962626e-06, 7.226875636846848e-06, 6.172620859593652e-06, 6.057218428783134e-06, 8.831106404993685e-06]}, "FinalQuadCompare": [[0.026224339862061186, -0.0050451429858939245, 0.024686235850127858], [-0.0050451429858939245, -0.022041134252653194, -0.0023201692903757065], [0.024686235850127858, -0.0023201692903757065, -0.004183205609404439]], "FinalQuadTotal": [[0.3329541856627891, 0.018332689858154005, -0.17226152935535488], [0.018332689858154005, 0.21155098760646496, 0.08665273518466321], [-0.17226152935535488, 0.08665273518466321, -0.5445051732692541]], "FinalQuadLocal": [[0.30672984580072793, 0.02337783284404793, -0.19694776520548274], [0.02337783284404793, 0.23359212185911815, 0.08897290447503892], [-0.19694776520548274, 0.08897290447503892, -0.5403219676598496]], "FinalValueCostV4": -0.007879519224962566}, {"SweepDict": {"PenaltyVals": [0.0, 0.1724137931034483, 0.3448275862068966, 0.5172413793103449, 0.6896551724137931, 0.8620689655172414, 1.0344827586206897, 1.206896551724138, 1.3793103448275863, 1.5517241379310347, 1.7241379310344829, 1.896551724137931, 2.0689655172413794, 2.241379310344828, 2.413793103448276, 2.586206896551724, 2.7586206896551726, 2.931034482758621, 3.1034482758620694, 3.2758620689655173, 3.4482758620689657, 3.620689655172414, 3.793103448275862, 3.9655172413793105, 4.137931034482759, 4.310344827586207, 4.482758620689656, 4.655172413793104, 4.827586206896552, 5.0], "RootMeanDisplacement": [0.00018061640228742262, 0.0008773563552264544, 0.0010802955690349246, 0.001352256417477951, 0.0015105314715490102, 0.0016585711253022544, 0.0018197943705462046, 0.0018302035789607926, 0.0019396112557871297, 0.0020341485230252567, 0.002093338601318885, 0.0021227290715044047, 0.0021820460459440723, 0.0021977115410543274, 0.0022448805639289434, 0.0022006278521288646, 0.002164660018365026, 0.0023064048934269684, 0.002346800053708622, 0.0023215204765363855, 0.0023716109037358432, 0.0024138239582042324, 0.0023440481915625194, 0.0023932379938053096, 0.0024147931494456084, 0.002402725193857885, 0.002420644215849679, 0.0025092130141795583, 0.002483835158525552, 0.0024650696192090593], "QuadDifference": [[[0.013122533246399115, 0.00859526927344545, -0.015209150059282806], [0.00859526927344545, 0.0069995494534573766, 0.02180048389789313], [-0.015209150059282806, 0.02180048389789313, -0.020122082699868926]], [[0.010065422979074867, 0.00588227768226135, -0.011510346141929695], [0.00588227768226135, 0.005628095688276602, 0.016992242170211114], [-0.011510346141929695, 0.016992242170211114, -0.015693518667347917]], [[0.008931577914424338, 0.005325095591379725, -0.009809642969058174], [0.005325095591379725, 0.004052102210433617, 0.014109095509750702], [-0.009809642969058174, 0.014109095509750702, -0.01298368012487039]], [[0.007096287314194427, 0.004454188149571436, -0.007986345547164042], [0.004454188149571436, 0.0039067400211010295, 0.011781887273965452], [-0.007986345547164042, 0.011781887273965452, -0.011003027335288351]], [[0.005934532652716484, 0.004147370289501406, -0.00738478593841041], [0.004147370289501406, 0.0035294822679432514, 0.010251809140076062], [-0.00738478593841041, 0.010251809140076062, -0.009464014920659736]], [[0.005692113469308424, 0.0036297101370856844, -0.006021792133336312], [0.0036297101370856844, 0.0032324583105349802, 0.009369413111036451], [-0.006021792133336312, 0.009369413111036451, -0.008924571779822088]], [[0.004870250718056468, 0.003253300778313317, -0.005691757759677785], [0.003253300778313317, 0.0026942092703166054, 0.008237084694711072], [-0.005691757759677785, 0.008237084694711072, -0.0075644599883784025]], [[0.004447818005417048, 0.0028849427850552445, -0.005165172905714499], [0.0028849427850552445, 0.002335187768814251, 0.007407637179195348], [-0.005165172905714499, 0.007407637179195348, -0.00678300577424551]], [[0.004269450720894241, 0.002747436304135764, -0.004845268861542351], [0.002747436304135764, 0.002067001194063778, 0.006830884399226633], [-0.004845268861542351, 0.006830884399226633, -0.00633645191495269]], [[0.00375501433892822, 0.0024834798665533953, -0.004314945910174117], [0.0024834798665533953, 0.001965538602128447, 0.006138277445646878], [-0.004314945910174117, 0.006138277445646878, -0.005720552941053114]], [[0.0034245976457292215, 0.0022446810363478953, -0.004022874288858169], [0.0022446810363478953, 0.0018045840800127166, 0.005627277631550243], [-0.004022874288858169, 0.005627277631550243, -0.00522918172573128]], [[0.0031995175409456067, 0.002029493786094072, -0.0038619007643667658], [0.002029493786094072, 0.001826434643433572, 0.005344810704460912], [-0.0038619007643667658, 0.005344810704460912, -0.0050259521843827315]], [[0.0028711971366206512, 0.0018804381946009308, -0.003508347571798076], [0.0018804381946009308, 0.001732564920438051, 0.00499880570472655], [-0.003508347571798076, 0.00499880570472655, -0.004603762057051597]], [[0.0029452000969030223, 0.0019036031944010823, -0.003229815147850701], [0.0019036031944010823, 0.0014930418244176735, 0.004646640102784261], [-0.003229815147850701, 0.004646640102784261, -0.0044382419213242486]], [[0.0027368377034804325, 0.0018880357693809025, -0.0031902463271036297], [0.0018880357693809025, 0.001336470342010898, 0.004350759698237283], [-0.0031902463271036297, 0.004350759698237283, -0.004073308045484225]], [[0.002611284598426522, 0.0016349281643370794, -0.0029893399010472166], [0.0016349281643370794, 0.0013084518837089831, 0.004328734448179716], [-0.0029893399010472166, 0.004328734448179716, -0.003919736482135505]], [[0.0024333500539839292, 0.0017102236279842309, -0.003005321592367771], [0.0017102236279842309, 0.0014520088614204951, 0.00420838679870883], [-0.003005321592367771, 0.00420838679870883, -0.0038853589154044244]], [[0.0022576242933176616, 0.001342594937828956, -0.0027750936710440044], [0.001342594937828956, 0.0012605876365654467, 0.0037992424456003704], [-0.0027750936710440044, 0.0037992424456003704, -0.0035182119298937664]], [[0.0020067682181448276, 0.001403136683072237, -0.0025420010163346163], [0.001403136683072237, 0.001257754080970841, 0.003619095817981588], [-0.0025420010163346163, 0.003619095817981588, -0.0032645222991298795]], [[0.0022622683281419143, 0.0013668806824842505, -0.0024592819579192238], [0.0013668806824842505, 0.0011121927936024179, 0.003610361537942808], [-0.0024592819579192238, 0.003610361537942808, -0.003374461121728345]], [[0.001912577043118091, 0.0012470335854173342, -0.002306023153090031], [0.0012470335854173342, 0.0011170830416808997, 0.0033159593081215633], [-0.002306023153090031, 0.0033159593081215633, -0.003029660084795438]], [[0.001974401361447775, 0.001218208523425801, -0.0022747389416553077], [0.001218208523425801, 0.0009705374889641405, 0.003305859058515992], [-0.0022747389416553077, 0.003305859058515992, -0.00294493885040481]], [[0.0019438934372359995, 0.0013387306474657024, -0.0021219832941703487], [0.0013387306474657024, 0.0009786498495714113, 0.0031828299008047622], [-0.0021219832941703487, 0.0031828299008047622, -0.002922543286803858]], [[0.001859148660145138, 0.0013008244387844314, -0.002035211879524823], [0.0013008244387844314, 0.0008778313193857912, 0.0030259655368691796], [-0.002035211879524823, 0.0030259655368691796, -0.00273697997954514]], [[0.0016733691652603966, 0.00107941983874138, -0.0020111922948817806], [0.00107941983874138, 0.0009864372932355536, 0.0028819978074139385], [-0.0020111922948817806, 0.0028819978074139385, -0.0026598064584923975]], [[0.0016506333216312896, 0.001162080563879453, -0.0019387649405615548], [0.001162080563879453, 0.0008821358313184646, 0.0026987440576498045], [-0.0019387649405615548, 0.0026987440576498045, -0.0025327691529497542]], [[0.0016063495690019636, 0.001007454117308626, -0.0019228417930365893], [0.001007454117308626, 0.000890303816124316, 0.002672607586511333], [-0.0019228417930365893, 0.002672607586511333, -0.0024966533851209505]], [[0.0014577469369392304, 0.0010460593111627503, -0.0019045594687403522], [0.0010460593111627503, 0.0008577108652474408, 0.002527848308519154], [-0.0019045594687403522, 0.002527848308519154, -0.0023154578021973293]], [[0.001313044793928242, 0.0010297564670653792, -0.0017291177491847165], [0.0010297564670653792, 0.0009508561973028407, 0.0024185751969074687], [-0.0017291177491847165, 0.0024185751969074687, -0.0022639009912257535]], [[0.0016625859233379003, 0.0009300213658907097, -0.0016965288881474194], [0.0009300213658907097, 0.0007544124602496538, 0.002546281233142267], [-0.0016965288881474194, 0.002546281233142267, -0.0024169983835982123]]], "V4CostVals": [-0.00697245968254788, -0.004115634297106319, -0.0029078043211402857, -0.0020134778208204312, -0.0015650962587910205, -0.0012655020286784513, -0.0009878677479400702, -0.0008002047955955969, -0.0006950859647596827, -0.0005598921999386242, -0.00047217888423152206, -0.0004273147997067076, -0.00036378239049358505, -0.0003248532102579712, -0.00029079278244202296, -0.00026968153611033226, -0.0002628935778838982, -0.00021341208169809958, -0.00018912920985192011, -0.00019015291157971814, -0.0001588372514049352, -0.00015522098003339078, -0.00014706371062472555, -0.00013294319592812377, -0.00012076525647323298, -0.00011063624434074202, -0.00010621723152164927, -9.70632845608281e-05, -8.784233197576382e-05, -9.445973588839392e-05], "OptimizerConv": [7.520420144231347e-06, 9.695492438511e-06, 6.567017180635911e-06, 8.872249733739753e-06, 6.220795795116087e-06, 6.76098905290945e-06, 9.591373048017468e-06, 5.19061138813984e-06, 6.8328406376464614e-06, 8.866604989565646e-06, 8.743209702336695e-06, 6.204765742438266e-06, 6.703028005710781e-06, 8.964686802260996e-06, 7.431399894028314e-06, 9.478818460342099e-06, 8.323527727621986e-06, 8.15756959371721e-06, 7.26482435832791e-06, 5.94028948662594e-06, 7.179768402295742e-06, 9.946098159111643e-06, 4.64872393202367e-06, 7.928831049667648e-06, 5.605486472677337e-06, 8.161418607770524e-06, 6.437140746127665e-06, 9.290141927793947e-06, 8.849896040309609e-06, 4.520652770499908e-06]}, "FinalQuadCompare": [[0.0016625859233379003, 0.0009300213658907097, -0.0016965288881474194], [0.0009300213658907097, 0.0007544124602496538, 0.002546281233142267], [-0.0016965288881474194, 0.002546281233142267, -0.0024169983835982123]], "FinalQuadTotal": [[0.18945126202796203, 0.12167195972409228, -0.2179735213316487], [0.12167195972409228, 0.09863710162609252, 0.31403763626058456], [-0.2179735213316487, 0.31403763626058456, -0.28808836365406165]], "FinalQuadLocal": [[0.18778867610462413, 0.12074193835820157, -0.2162769924435013], [0.12074193835820157, 0.09788268916584286, 0.3114913550274423], [-0.2162769924435013, 0.3114913550274423, -0.28567136527046344]], "FinalValueCostV4": -9.445973588839392e-05}]