[{"BasisSet": "aug-cc-pvtz", "LevelOfTheory": "scf", "Scheme": "PM", "Penalty": 0.0, "StartIndex": 0, "StopIndex": 300, "Cores": 8, "Memory": 16.0}, {"Convergence": true, "QuadCompare": [[0.00014182302004428493, -9.710997170140484e-05, -0.00016279096090248552], [-9.710997170140484e-05, 7.863796883889052e-05, -0.0002306050534711232], [-0.00016279096090248552, -0.0002306050534711232, -0.000220460988880955]], "QuadTotal": [[0.00013007230541628445, -2.0445209415111132e-05, -3.540241613924494e-05], [-2.0445209415111132e-05, 3.104795265240767e-05, -0.00014977278685208788], [-3.540241613924494e-05, -0.00014977278685208788, -0.00016112025806824803]], "QuadLocal": [[-1.175071462800048e-05, 7.666476228629371e-05, 0.00012738854476324057], [7.666476228629371e-05, -4.759001618648284e-05, 8.083226661903531e-05], [0.00012738854476324057, 8.083226661903531e-05, 5.9340730812706965e-05]], "ValueCostV4": -8.069804300260202e-07}, {"Convergence": true, "QuadCompare": [[0.08412506576310363, -0.00033784194443078897, 0.0005803155156525186], [-0.00033784194443078897, -0.042069740505660036, -1.0258783408643264e-05], [0.0005803155156525186, -1.0258783408643264e-05, -0.04205532525743649]], "QuadTotal": [[-0.13673075489832343, 0.0005821135594613336, -0.000954339799587034], [0.0005821135594613336, 0.06836173658439293, -3.76425703634063e-06], [-0.000954339799587034, -3.76425703634063e-06, 0.06836901831394826]], "QuadLocal": [[-0.22085582066142706, 0.0009199555038921226, -0.0015346553152395526], [0.0009199555038921226, 0.11043147709005297, 6.494526372302634e-06], [-0.0015346553152395526, 6.494526372302634e-06, 0.11042434357138475]], "ValueCostV4": -0.033846555908288674}, {"Convergence": true, "QuadCompare": [[-0.14766773125248278, 5.544491550999635e-05, 2.1653204747209382e-14], [5.544491550999635e-05, 0.3408210118996067, 3.3180303010786217e-15], [2.1653204747209382e-14, 3.3180303010786217e-15, -0.1931532806471239]], "QuadTotal": [[0.2795588120944785, -6.104036831446709e-05, 2.1576431955760636e-15], [-6.104036831446709e-05, 0.25141030294301814, -6.971943452149167e-16], [2.1576431955760636e-15, -6.971943452149167e-16, -0.5309691150375038]], "QuadLocal": [[0.4272265433469613, -0.00011648528382446344, -1.949556155163332e-14], [-0.00011648528382446344, -0.08941070895658854, -4.015224646293538e-15], [-1.949556155163332e-14, -4.015224646293538e-15, -0.3378158343903799]], "ValueCostV4": -0.5587921543663285}, {"Convergence": true, "QuadCompare": [[-1.0065547335655118, 9.730456522976156e-13, -1.8238021234887555e-12], [9.730456522976156e-13, 0.5032773667850368, -4.460706958578506e-16], [-1.8238021234887555e-12, -4.460706958578506e-16, 0.5032773667804804]], "QuadTotal": [[1.0209939051249712, 2.5947375633677477e-16, -2.8986599658784284e-16], [2.5947375633677477e-16, -0.510496952560203, -4.460706955465217e-16], [-2.8986599658784284e-16, -4.460706955465217e-16, -0.5104969525647594]], "QuadLocal": [[2.027548638690483, -9.727861785412789e-13, 1.8235122574921677e-12], [-9.727861785412789e-13, -1.0137743193452398, 3.1132886303672863e-25], [1.8235122574921677e-12, 3.1132886303672863e-25, -1.0137743193452398]], "ValueCostV4": -4.845086506374964}, {"Convergence": true, "QuadCompare": [[0.06094581896923046, 0.10201438284707365, 0.1489315074436841], [0.10201438284707365, -0.06266262180916016, 0.05393857266485114], [0.1489315074436841, 0.05393857266485114, 0.0017168028399581203]], "QuadTotal": [[-1.0608098133439796, -0.8061641207048282, -0.6510840437835559], [-0.8061641207048282, 0.3476994335869108, -0.5900207789479519], [-0.6510840437835559, -0.5900207789479519, 0.7131103797570617]], "QuadLocal": [[-1.12175563231321, -0.9081785035519019, -0.80001555122724], [-0.9081785035519019, 0.41036205539607096, -0.643959351612803], [-0.80001555122724, -0.643959351612803, 0.7113935769171036]], "ValueCostV4": -0.2507070286056415}, {"Convergence": true, "QuadCompare": [[0.039812887363979144, -0.005945938246380678, 0.02467470272310468], [-0.005945938246380678, -0.05942121181174542, 0.033741422471794014], [0.02467470272310468, 0.033741422471794014, 0.01960832444776628]], "QuadTotal": [[-1.3742794078509348, -1.6985203792456254, 0.44959511853909095], [-1.6985203792456254, 0.40104289962278017, 0.14727018162492111], [0.44959511853909095, 0.14727018162492111, 0.9732365082281689]], "QuadLocal": [[-1.414092295214914, -1.6925744409992447, 0.4249204158159863], [-1.6925744409992447, 0.4604641114345256, 0.1135287591531271], [0.4249204158159863, 0.1135287591531271, 0.9536281837804026]], "ValueCostV4": -0.02890288217066043}, {"Convergence": true, "QuadCompare": [[0.04880569394737222, -0.11512660091003823, -0.00010319106530244648], [-0.11512660091003823, 0.13033656999903798, -7.526544346382613e-05], [-0.00010319106530244648, -7.526544346382613e-05, -0.1791422639464031]], "QuadTotal": [[-0.3937165103089626, 0.8510108412090318, -0.0013233475424234836], [0.8510108412090318, 0.3165014073582171, -0.0009331347171627341], [-0.0013233475424234836, -0.0009331347171627341, 0.0772151029507242]], "QuadLocal": [[-0.4425222042563348, 0.96613744211907, -0.0012201564771210371], [0.96613744211907, 0.1861648373591791, -0.000857869273698908], [-0.0012201564771210371, -0.000857869273698908, 0.2563573668971273]], "ValueCostV4": -0.24857777154767802}, {"Convergence": true, "QuadCompare": [[-0.039145633047938944, -0.00021941636562909997, -0.00786319912752198], [-0.00021941636562909997, -0.039733798381437424, 0.004248923844030028], [-0.00786319912752198, 0.004248923844030028, 0.07887943142937193]], "QuadTotal": [[-0.1603729784738981, -0.001190588376050173, -0.03262750547823812], [-0.001190588376050173, -0.16195792630176165, 0.017265686895847676], [-0.03262750547823812, 0.017265686895847676, 0.32233090477565796]], "QuadLocal": [[-0.12122734542595914, -0.000971172010421073, -0.024764306350716137], [-0.000971172010421073, -0.12222412792032422, 0.013016763051817648], [-0.024764306350716137, 0.013016763051817648, 0.24345147334628603]], "ValueCostV4": -0.030264825919515174}, {"Convergence": true, "QuadCompare": [[0.07017735465043984, 0.06011531803114423, 0.0006625325905467161], [0.06011531803114423, 0.027677986073072702, 2.591032782732483e-05], [0.0006625325905467161, 2.591032782732483e-05, -0.09785534072353386]], "QuadTotal": [[-0.04736619552744514, -0.0888614372651233, -0.00025883133085646826], [-0.0888614372651233, -0.06909271036235509, 0.000184938080223504], [-0.00025883133085646826, 0.000184938080223504, 0.11645890588978602]], "QuadLocal": [[-0.11754355017788498, -0.14897675529626753, -0.0009213639214031843], [-0.14897675529626753, -0.0967706964354278, 0.00015902775239617917], [-0.0009213639214031843, 0.00015902775239617917, 0.21431424661331988]], "ValueCostV4": -0.07171747563298433}, {"Convergence": true, "QuadCompare": [[0.21547746224945286, -0.25817700041236336, 0.009099280451824013], [-0.25817700041236336, -0.03877366517910019, 0.001346657914493482], [0.009099280451824013, 0.001346657914493482, -0.17670379707033845]], "QuadTotal": [[-0.09228792231900229, -0.13964697033623708, 0.005820128574465306], [-0.13964697033623708, 0.3748626581072614, -0.01233476334110592], [0.005820128574465306, -0.01233476334110592, -0.282574735788252]], "QuadLocal": [[-0.30776538456845515, 0.11853003007612628, -0.0032791518773587075], [0.11853003007612628, 0.4136363232863616, -0.013681421255599402], [-0.0032791518773587075, -0.013681421255599402, -0.10587093871791353]], "ValueCostV4": -0.6779171115330551}, {"Convergence": true, "QuadCompare": [[-1.3121744311139025, 0.001850582932046884, 0.009565794037695863], [0.001850582932046884, 0.6560754996867217, 0.0010375050380326094], [0.009565794037695863, 0.0010375050380326094, 0.656098931427131]], "QuadTotal": [[0.38478403339212264, 0.0013497483435451312, 0.010270481529082276], [0.0013497483435451312, -0.1952212484799034, 0.006101759077615159], [0.010270481529082276, 0.006101759077615159, -0.18956278491225476]], "QuadLocal": [[1.6969584645060252, -0.0005008345885017529, 0.0007046874913864132], [-0.0005008345885017529, -0.8512967481666252, 0.00506425403958255], [0.0007046874913864132, 0.00506425403958255, -0.8456617163393858]], "ValueCostV4": -8.234593643091568}, {"Convergence": true, "QuadCompare": [[-0.1522822011197924, -0.011744937689253443, -0.1351867368921218], [-0.011744937689253443, -0.16781925508169593, 0.07253405356316484], [-0.1351867368921218, 0.07253405356316484, 0.3201014562014892]], "QuadTotal": [[-0.3111522817996626, 0.24285301818284588, 0.4473199995750692], [0.24285301818284588, 0.012788415035110745, -0.23919650436884604], [0.4473199995750692, -0.23919650436884604, 0.2983638667645492]], "QuadLocal": [[-0.15887008067987018, 0.2545979558720993, 0.582506736467191], [0.2545979558720993, 0.18060767011680667, -0.3117305579320109], [0.582506736467191, -0.3117305579320109, -0.02173758943694004]], "ValueCostV4": -0.6413466672451958}, {"Convergence": true, "QuadCompare": [[-0.012084429383861561, -0.03446564706885624, -0.07601612803853464], [-0.03446564706885624, -0.06217739165595049, 0.11410464203408532], [-0.07601612803853464, 0.11410464203408532, 0.07426182103978363]], "QuadTotal": [[0.6320930927569464, -0.24800802840463376, -0.6285881197184932], [-0.24800802840463376, -0.5013832385003738, -0.615404178279287], [-0.6285881197184932, -0.615404178279287, -0.13070985425660098]], "QuadLocal": [[0.6441775221408079, -0.21354238133577752, -0.5525719916799585], [-0.21354238133577752, -0.4392058468444233, -0.7295088203133723], [-0.5525719916799585, -0.7295088203133723, -0.2049716752963846]], "ValueCostV4": -0.157809955071624}, {"Convergence": true, "QuadCompare": [[-0.2531261826511013, 1.8890615198565944e-06, -6.736556469578908e-06], [1.8890615198565944e-06, 0.12656688774457336, 2.1454363027256e-05], [-6.736556469578908e-06, 2.1454363027256e-05, 0.12655929490652795]], "QuadTotal": [[-2.990271945606821, 9.272786642769096e-07, -1.4394419638879269e-06], [9.272786642769096e-07, 1.4951351846018994, -2.402949547359888e-06], [-1.4394419638879269e-06, -2.402949547359888e-06, 1.4951367610048933]], "QuadLocal": [[-2.73714576295572, -9.617828555796848e-07, 5.297114505690981e-06], [-9.617828555796848e-07, 1.368568296857326, -2.3857312574615888e-05], [5.297114505690981e-06, -2.3857312574615888e-05, 1.3685774660983654]], "ValueCostV4": -0.30640855624161206}, {"Convergence": true, "QuadCompare": [[-0.03333113284384126, -0.012062003904212304, 0.06230012589076006], [-0.012062003904212304, -0.023830662993759688, -0.08894922028991215], [0.06230012589076006, -0.08894922028991215, 0.05716179583757253]], "QuadTotal": [[-0.1612403988334279, 0.3123766499068168, -0.7176234892342839], [0.3123766499068168, 0.08390450911186775, 0.2797452959192459], [-0.7176234892342839, 0.2797452959192459, 0.07733588972157435]], "QuadLocal": [[-0.12790926598958663, 0.3244386538110291, -0.7799236151250439], [0.3244386538110291, 0.10773517210562744, 0.36869451620915805], [-0.7799236151250439, 0.36869451620915805, 0.02017409388400182]], "ValueCostV4": -0.09189409492600117}, {"Convergence": true, "QuadCompare": [[0.15519335354454178, -0.38864975225576315, 0.008328172283757596], [-0.38864975225576315, -0.363293595909413, -0.004624214368856322], [0.008328172283757596, -0.004624214368856322, 0.20810024236487035]], "QuadTotal": [[-0.303433925052385, 0.35345666537264786, -0.021271198315846895], [0.35345666537264786, 0.16765395960607066, 0.011436895659908103], [-0.021271198315846895, 0.011436895659908103, 0.13577996544631787]], "QuadLocal": [[-0.45862727859692676, 0.742106417628411, -0.02959937059960449], [0.742106417628411, 0.5309475555154837, 0.016061110028764425], [-0.02959937059960449, 0.016061110028764425, -0.07232027691855247]], "ValueCostV4": -1.599328756710414}, {"Convergence": true, "QuadCompare": [[-0.711748359750942, 1.2991150195323443e-06, -1.1658325643797154e-06], [1.2991150195323443e-06, 0.3558802444802609, -3.707935177952046e-05], [-1.1658325643797154e-06, -3.707935177952046e-05, 0.35586811527065265]], "QuadTotal": [[0.9105982003817132, -1.6584421973770346e-06, -4.9334136825766875e-06], [-1.6584421973770346e-06, -0.45529778763800266, 2.8029492532264248e-11], [-4.9334136825766875e-06, 2.8029492532264248e-11, -0.455300412743739]], "QuadLocal": [[1.6223465601326552, -2.957557216909379e-06, -3.767581118196972e-06], [-2.957557216909379e-06, -0.8111780321182636, 3.707937980901299e-05], [-3.767581118196972e-06, 3.707937980901299e-05, -0.8111685280143917]], "ValueCostV4": -2.4225887493222302}, {"Convergence": true, "QuadCompare": [[-0.08829802572955714, -0.019301291464387305, -0.0717789971859375], [-0.019301291464387305, 0.18873093703246013, -0.30428318221321504], [-0.0717789971859375, -0.30428318221321504, -0.10043291130293142]], "QuadTotal": [[-0.4649474722535274, -0.12177801131711874, 0.04137058855271647], [-0.12177801131711874, 0.11453625115963462, -0.15408289511205098], [0.04137058855271647, -0.15408289511205098, 0.350411221093907]], "QuadLocal": [[-0.37664944652397025, -0.10247671985273143, 0.11314958573865397], [-0.10247671985273143, -0.07419468587282552, 0.15020028710116407], [0.11314958573865397, 0.15020028710116407, 0.4508441323968384]], "ValueCostV4": -0.7961666280727513}, {"Convergence": true, "QuadCompare": [[0.44841687866818347, -0.7036574999867753, -0.00010183585013787133], [-0.7036574999867753, -1.1098291988578524, 0.00019047369988755224], [-0.00010183585013787133, 0.00019047369988755224, 0.6614123201896547]], "QuadTotal": [[-0.4879561652240625, -0.10858488454617543, 0.00029926530580628996], [-0.10858488454617543, 0.6156396593882505, -1.0407425146361513e-05], [0.00029926530580628996, -1.0407425146361513e-05, -0.12768349416424485]], "QuadLocal": [[-0.936373043892246, 0.5950726154405999, 0.0004011011559441613], [0.5950726154405999, 1.7254688582461029, -0.00020088112503391375], [0.0004011011559441613, -0.00020088112503391375, -0.7890958143538995]], "ValueCostV4": -9.119738698351458}, {"Convergence": true, "QuadCompare": [[-0.04824468013197958, 0.06004945310280746, -0.06374482791294678], [0.06004945310280746, 0.08647919381658298, -0.18690074942936757], [-0.06374482791294678, -0.18690074942936757, -0.038234513684596294]], "QuadTotal": [[0.12454094260376891, -0.30398898492340437, 0.1053429118318473], [-0.30398898492340437, -0.628621584648954, 0.34356979634195645], [0.1053429118318473, 0.34356979634195645, 0.5040806420451887]], "QuadLocal": [[0.1727856227357485, -0.36403843802621183, 0.16908773974479407], [-0.36403843802621183, -0.715100778465537, 0.530470545771324], [0.16908773974479407, 0.530470545771324, 0.542315155729785]], "ValueCostV4": -0.30756023706768904}, {"Convergence": true, "QuadCompare": [[0.05313321111566438, -0.15087817715547835, 0.28991815403558974], [-0.15087817715547835, -0.03287379135785784, -0.07539969814429726], [0.28991815403558974, -0.07539969814429726, -0.02025941975779233]], "QuadTotal": [[0.9840867425961619, -0.4618818199172261, 0.8049207460209473], [-0.4618818199172261, -0.4541799408986833, 0.5905178828395659], [0.8049207460209473, 0.5905178828395659, -0.5299068016974786]], "QuadLocal": [[0.9309535314804975, -0.31100364276174775, 0.5150025919853576], [-0.31100364276174775, -0.42130614954082546, 0.6659175809838631], [0.5150025919853576, 0.6659175809838631, -0.5096473819396863]], "ValueCostV4": -0.7310947496877437}, {"Convergence": true, "QuadCompare": [[-0.03963033623429624, 0.01947670180761918, -0.0826956139107149], [0.01947670180761918, 0.0035575723211280774, 0.10659628177300617], [-0.0826956139107149, 0.10659628177300617, 0.03607276391312553]], "QuadTotal": [[-0.8532898740168946, 0.508249195449693, 1.3013917122910503], [0.508249195449693, 0.6834340217333903, 0.18026210371982376], [1.3013917122910503, 0.18026210371982376, 0.1698558522834901]], "QuadLocal": [[-0.8136595377825984, 0.48877249364207387, 1.3840873262017652], [0.48877249364207387, 0.6798764494122622, 0.07366582194681759], [1.3840873262017652, 0.07366582194681759, 0.13378308837036457]], "ValueCostV4": -0.12767109587222802}, {"Convergence": true, "QuadCompare": [[-0.40881032451244437, -0.37876561283971455, -6.721677090663427e-13], [-0.37876561283971455, 0.23403128519113636, 6.100735690470444e-13], [-6.721677090663427e-13, 6.100735690470444e-13, 0.17477903932133643]], "QuadTotal": [[-1.1605137418655715, -2.8506534608797693, 1.549142654743751e-14], [-2.8506534608797693, 0.0033689822741109765, -2.655990540907508e-16], [1.549142654743751e-14, -2.655990540907508e-16, 1.1571447595915032]], "QuadLocal": [[-0.7517034173531272, -2.471887848040055, 6.876591356137802e-13], [-2.471887848040055, -0.23066230291702539, -6.103391681011351e-13], [6.876591356137802e-13, -6.103391681011351e-13, 0.9823657202701668]], "ValueCostV4": -1.7195827906264716}, {"Convergence": true, "QuadCompare": [[-4.087961889145333, 4.320267140159466e-14, -1.051360660916851e-12], [4.320267140159466e-14, 2.0439809445737183, -4.3039403177448965e-16], [-1.051360660916851e-12, -4.3039403177448965e-16, 2.0439809445715866]], "QuadTotal": [[-2.897353403128818, 6.883613798533742e-14, 1.498718260717228e-14], [6.883613798533742e-14, 1.4486767015654465, -4.303940307564827e-16], [1.498718260717228e-14, -4.303940307564827e-16, 1.4486767015633149]], "QuadLocal": [[1.1906084860165151, 2.5633466583742764e-14, 1.0663478435240233e-12], [2.5633466583742764e-14, -0.5953042430082718, 1.0180069741727585e-24], [1.0663478435240233e-12, 1.0180069741727585e-24, -0.5953042430082718]], "ValueCostV4": -79.91722975480165}, {"Convergence": true, "QuadCompare": [[-0.008818038538635165, -0.07501906705207517, -0.10636403156551211], [-0.07501906705207517, -0.09694492843519953, 0.17032975949602047], [-0.10636403156551211, 0.17032975949602047, 0.10576296697391285]], "QuadTotal": [[0.6468391042770065, -0.25550900716432423, -0.5250025318773481], [-0.25550900716432423, -0.47160630728527764, -0.6562047255862291], [-0.5250025318773481, -0.6562047255862291, -0.17523279699169336]], "QuadLocal": [[0.6556571428156417, -0.18048994011224906, -0.418638500311836], [-0.18048994011224906, -0.3746613788500781, -0.8265344850822496], [-0.418638500311836, -0.8265344850822496, -0.2809957639656062]], "ValueCostV4": -0.3588831147268244}, {"Convergence": true, "QuadCompare": [[0.08304451413711433, -0.10083085193559782, -0.00017405292855354748], [-0.10083085193559782, -0.1375217627544174, 0.00018357070675065743], [-0.00017405292855354748, 0.00018357070675065743, 0.054477248617288865]], "QuadTotal": [[-0.5620224983062769, -2.9699626785812114, 0.00037562388420464554], [-2.9699626785812114, -0.9438151929647915, -5.036489510018712e-05], [0.00037562388420464554, -5.036489510018712e-05, 1.5058376912710543]], "QuadLocal": [[-0.6450670124433913, -2.8691318266456136, 0.000549676812758193], [-2.8691318266456136, -0.8062934302103741, -0.00023393560185084455], [0.000549676812758193, -0.00023393560185084455, 1.4513604426537654]], "ValueCostV4": -0.15656965692664496}, {"Convergence": true, "QuadCompare": [[0.06289719934701665, 0.000447146144277287, 0.00840474112405043], [0.000447146144277287, 0.06328238691061117, 0.004657754989730811], [0.00840474112405043, 0.004657754989730811, -0.1261795862576367]], "QuadTotal": [[-0.1419661982463083, 0.0010762271768779072, -0.021122120584202708], [0.0010762271768779072, -0.14158697198376657, -0.01023894348636284], [-0.021122120584202708, -0.01023894348636284, 0.2835531702300784]], "QuadLocal": [[-0.20486339759332495, 0.0006290810326006202, -0.029526861708253138], [0.0006290810326006202, -0.20486935889437774, -0.01489669847609365], [-0.029526861708253138, -0.01489669847609365, 0.4097327564877151]], "ValueCostV4": -0.07672886823643624}, {"Convergence": true, "QuadCompare": [[0.00013641118607665703, -0.014677754287475864, 0.07614545202401768], [-0.014677754287475864, -0.04837797089035689, -0.09368634346879112], [0.07614545202401768, -0.09368634346879112, 0.048241559704280235]], "QuadTotal": [[0.2781920473066748, -0.1091901294626183, 0.4029936083986847], [-0.1091901294626183, -0.2806712885498541, 0.5491063036099071], [0.4029936083986847, 0.5491063036099071, 0.0024792412432219635]], "QuadLocal": [[0.27805563612059814, -0.09451237517514244, 0.326848156374667], [-0.09451237517514244, -0.23229331765949723, 0.6427926470786982], [0.326848156374667, 0.6427926470786982, -0.04576231846105827]], "ValueCostV4": -0.10919041426020276}, {"Convergence": true, "QuadCompare": [[0.014207066245376154, -0.04337208559264916, 0.3037502907923013], [-0.04337208559264916, -0.07837672880407354, -0.029814294222949123], [0.3037502907923013, -0.029814294222949123, 0.06416966255864054]], "QuadTotal": [[-0.12609566745226175, 0.09517028284971651, -0.7514658872821585], [0.09517028284971651, 0.2297170811290954, 0.05765120899938547], [-0.7514658872821585, 0.05765120899938547, -0.1036214136769047]], "QuadLocal": [[-0.1403027336976379, 0.13854236844236567, -1.0552161780744598], [0.13854236844236567, 0.3080938099331689, 0.0874655032223346], [-1.0552161780744598, 0.0874655032223346, -0.16779107623554523]], "ValueCostV4": -0.6393182223504836}, {"Convergence": true, "QuadCompare": [[-0.0218842372487984, -0.014067521205166855, 0.025180284561372446], [-0.014067521205166855, -0.011387320034849324, -0.03627404380475241], [0.025180284561372446, -0.03627404380475241, 0.03327155728366904]], "QuadTotal": [[-0.04646257297474676, 0.2768461952627952, -0.4959985312958821], [0.2768461952627952, 0.1579864799268691, 0.21802286549103655], [-0.4959985312958821, 0.21802286549103655, -0.11152390695214365]], "QuadLocal": [[-0.024578335725948364, 0.29091371646796205, -0.5211788158572546], [0.29091371646796205, 0.16937379996171842, 0.25429690929578896], [-0.5211788158572546, 0.25429690929578896, -0.1447954642358127]], "ValueCostV4": -0.01916409258601789}, {"Convergence": true, "QuadCompare": [[-0.12538868424815064, -0.015855022309794187, 0.1934187440120283], [-0.015855022309794187, -0.016989582433438954, -0.02780296383302161], [0.1934187440120283, -0.02780296383302161, 0.14237826668156117]], "QuadTotal": [[0.1610612374039988, -0.025925258618016755, 0.23872296136406845], [-0.025925258618016755, 0.08329656185593137, 0.033641153460377105], [0.23872296136406845, 0.033641153460377105, -0.2443577992599586]], "QuadLocal": [[0.28644992165214944, -0.010070236308222569, 0.045304217352040155], [-0.010070236308222569, 0.10028614428937033, 0.061444117293398715], [0.045304217352040155, 0.061444117293398715, -0.38673606594151977]], "ValueCostV4": -0.36074581455946986}, {"Convergence": true, "QuadCompare": [[-0.1370112736556166, -0.11226346811636745, -0.17328066932786612], [-0.11226346811636745, 0.14763968427590868, -0.1941407047712147], [-0.17328066932786612, -0.1941407047712147, -0.010628410620313389]], "QuadTotal": [[-0.43942382718722683, 0.000652447675506096, 0.0942289006784307], [0.000652447675506096, 0.12030773982434795, -0.20041413316669932], [0.0942289006784307, -0.20041413316669932, 0.31911608736282915]], "QuadLocal": [[-0.30241255353161023, 0.11291591579187354, 0.2675095700062968], [0.11291591579187354, -0.02733194445156073, -0.006273428395484615], [0.2675095700062968, -0.006273428395484615, 0.32974449798314254]], "ValueCostV4": -0.6418408979117838}, {"Convergence": true, "QuadCompare": [[0.3672564061224506, -0.6871244622616501, -0.12042554974771486], [-0.6871244622616501, -1.1501077013629981, 0.037927625762666506], [-0.12042554974771486, 0.037927625762666506, 0.7828512952405475]], "QuadTotal": [[-0.29482330060683637, 0.013224293564235268, 0.0031141611365928523], [0.013224293564235268, 0.7435080756897392, -0.14635110081604208], [0.0031141611365928523, -0.14635110081604208, -0.4486847750828815]], "QuadLocal": [[-0.662079706729287, 0.7003487558258854, 0.12353971088430771], [0.7003487558258854, 1.8936157770527373, -0.18427872657870858], [0.12353971088430771, -0.18427872657870858, -1.231536070323429]], "ValueCostV4": -9.71308141044292}, {"Convergence": true, "QuadCompare": [[-0.020902144377242138, 0.07319420150464373, 0.012326609462546129], [0.07319420150464373, 0.1817039571799519, 0.02119989183068416], [0.012326609462546129, 0.02119989183068416, -0.16080181280270978]], "QuadTotal": [[0.3393511199925108, -0.3345786545531618, 0.031274272028894406], [-0.3345786545531618, -0.5429993156690927, 0.0605204310355969], [0.031274272028894406, 0.0605204310355969, 0.20364819567657833]], "QuadLocal": [[0.3602532643697529, -0.40777285605780555, 0.018947662566348278], [-0.40777285605780555, -0.7247032728490446, 0.03932053920491274], [0.018947662566348278, 0.03932053920491274, 0.3644500084792881]], "ValueCostV4": -0.2270838251768486}, {"Convergence": true, "QuadCompare": [[-0.009000049693327128, 0.08869601677305372, 0.23781494513359291], [0.08869601677305372, 0.22893147681590165, -0.07247091194137756], [0.23781494513359291, -0.07247091194137756, -0.2199314271225603]], "QuadTotal": [[-0.5292963365896526, -1.4684398459849568, 0.5499594837400323], [-1.4684398459849568, 0.10249469232252295, 0.5242114490754926], [0.5499594837400323, 0.5242114490754926, 0.4268016442671012]], "QuadLocal": [[-0.5202962868963255, -1.5571358627580105, 0.3121445386064394], [-1.5571358627580105, -0.1264367844933787, 0.5966823610168701], [0.3121445386064394, 0.5966823610168701, 0.6467330713896615]], "ValueCostV4": -0.7658209846714488}, {"Convergence": true, "QuadCompare": [[0.06798662973369574, 0.1333295150883771, -0.10198828315095643], [0.1333295150883771, -0.03163747896965674, -0.11963015812152822], [-0.10198828315095643, -0.11963015812152822, -0.03634915076409584]], "QuadTotal": [[-1.2722850155281549, -1.2311101471093053, 1.2906830645720055], [-1.2311101471093053, 0.22957998995049422, 0.1825669007694002], [1.2906830645720055, 0.1825669007694002, 1.0427050255775754]], "QuadLocal": [[-1.3402716452618506, -1.3644396621976824, 1.392671347722962], [-1.3644396621976824, 0.26121746892015096, 0.3021970588909284], [1.392671347722962, 0.3021970588909284, 1.0790541763416712]], "ValueCostV4": -0.2930648572152773}, {"Convergence": true, "QuadCompare": [[-0.3941926095517374, -0.1330752687879908, 0.011623563829152861], [-0.1330752687879908, 0.3749049409698557, 0.017375652341443004], [0.011623563829152861, 0.017375652341443004, 0.019287668581810635]], "QuadTotal": [[-3.187835951095593, -1.314743357622973, 0.0817011390971163], [-1.314743357622973, 1.8844992487080674, 0.06186107845315458], [0.0817011390971163, 0.06186107845315458, 1.3033367023875115]], "QuadLocal": [[-2.7936433415438557, -1.1816680888349822, 0.07007757526796343], [-1.1816680888349822, 1.5095943077382117, 0.04448542611171158], [0.07007757526796343, 0.04448542611171158, 1.284049033805701]], "ValueCostV4": -1.0603887016213882}, {"Convergence": true, "QuadCompare": [[0.0008667518742981883, -0.015022241737892128, 0.12010325001345734], [-0.015022241737892128, 0.13097222080301663, 0.018334424337858812], [0.12010325001345734, 0.018334424337858812, -0.13183897267732902]], "QuadTotal": [[-0.028455692740550376, -0.028874669431477984, 0.2736093551942247], [-0.028874669431477984, -0.06970695029941965, -0.028927567784425956], [0.2736093551942247, -0.028927567784425956, 0.09816264303995581]], "QuadLocal": [[-0.029322444614848564, -0.013852427693585856, 0.15350610518076735], [-0.013852427693585856, -0.20067917110243627, -0.04726199212228477], [0.15350610518076735, -0.04726199212228477, 0.23000161571728484]], "ValueCostV4": -0.20566348606962614}, {"Convergence": true, "QuadCompare": [[0.026281948696635027, 0.07985478771710675, 0.1116432383732544], [0.07985478771710675, -0.06562834886733526, 0.13355205655365676], [0.1116432383732544, 0.13355205655365676, 0.0393464001706576]], "QuadTotal": [[-0.9202457061547307, -0.8367396484510436, -0.6223997561008332], [-0.8367396484510436, 0.307561657539253, -0.619163835821209], [-0.6223997561008332, -0.619163835821209, 0.6126840486154634]], "QuadLocal": [[-0.9465276548513657, -0.9165944361681504, -0.7340429944740876], [-0.9165944361681504, 0.3731900064065883, -0.7527158923748658], [-0.7340429944740876, -0.7527158923748658, 0.5733376484448058]], "ValueCostV4": -0.254732112070861}, {"Convergence": true, "QuadCompare": [[-0.00812026577710867, -0.08522347506608519, 0.001364270354058228], [-0.08522347506608519, -0.006510257729892999, -0.002484807509098741], [0.001364270354058228, -0.002484807509098741, 0.014630523507051407]], "QuadTotal": [[-1.0403852676797953, -2.081432214916026, -0.029660896251964386], [-2.081432214916026, 0.13365492229871734, -0.011687734982557152], [-0.029660896251964386, -0.011687734982557152, 0.9067303453811206]], "QuadLocal": [[-1.0322650019026867, -1.9962087398499406, -0.031025166606022614], [-1.9962087398499406, 0.14016518002861034, -0.009202927473458411], [-0.031025166606022614, -0.009202927473458411, 0.8920998218740692]], "ValueCostV4": -0.04738998526787854}, {"Convergence": true, "QuadCompare": [[0.051740016032056246, 0.02018720977670796, -0.053984898484348065], [0.02018720977670796, 0.033502723203710616, 0.003253141393525283], [-0.053984898484348065, 0.003253141393525283, -0.08524273923575265]], "QuadTotal": [[-1.4982601142481258, -1.875896761051024, -1.6504628251395381], [-1.875896761051024, 0.42140706002186334, -0.8964403336448239], [-1.6504628251395381, -0.8964403336448239, 1.0768530542262198]], "QuadLocal": [[-1.550000130280182, -1.896083970827732, -1.59647792665519], [-1.896083970827732, 0.38790433681815273, -0.8996934750383492], [-1.59647792665519, -0.8996934750383492, 1.1620957934619724]], "ValueCostV4": -0.056527826546499946}, {"Convergence": true, "QuadCompare": [[0.0946177175199523, -0.10605189204602539, -0.005560299488325704], [-0.10605189204602539, 0.09787981797551026, 0.009710273423470306], [-0.005560299488325704, 0.009710273423470306, -0.1924975354954057]], "QuadTotal": [[0.9943151645001649, -0.19516003289896844, -0.015257903763259417], [-0.19516003289896844, -0.6906410617511369, -0.012683940194311183], [-0.015257903763259417, -0.012683940194311183, -0.30367410274901374]], "QuadLocal": [[0.8996974469802126, -0.08910814085294305, -0.009697604274933713], [-0.08910814085294305, -0.7885208797266472, -0.02239421361778149], [-0.009697604274933713, -0.02239421361778149, -0.11117656725360803]], "ValueCostV4": -0.24973449901096284}, {"Convergence": true, "QuadCompare": [[-0.14229223076537778, -0.3344221043723081, 0.0654809440382138], [-0.3344221043723081, 0.35687158793594875, 0.1627188594041975], [0.0654809440382138, 0.1627188594041975, -0.2145793571706065]], "QuadTotal": [[-0.7757178630865553, 0.3141265398875106, -0.05145379534397421], [0.3141265398875106, 0.7122151165518247, 0.09628846937849467], [-0.05145379534397421, 0.09628846937849467, 0.06350274653470933]], "QuadLocal": [[-0.6334256323211775, 0.6485486442598187, -0.11693473938218801], [0.6485486442598187, 0.3553435286158759, -0.06643039002570283], [-0.11693473938218801, -0.06643039002570283, 0.27808210370531583]], "ValueCostV4": -1.5266512525463167}, {"Convergence": true, "QuadCompare": [[-0.0056187940242580225, 0.08745917017776172, 0.18811802074962003], [0.08745917017776172, 0.041225811479634444, 0.12373759996497691], [0.18811802074962003, 0.12373759996497691, -0.035607017455348]], "QuadTotal": [[0.4815706227830674, -0.04185582174094049, 0.2589190523018772], [-0.04185582174094049, -0.290715599197199, 0.16453898367042352], [0.2589190523018772, 0.16453898367042352, -0.19085502358585416]], "QuadLocal": [[0.4871894168073254, -0.12931499191870222, 0.07080103155225714], [-0.12931499191870222, -0.33194141067683347, 0.040801383705446614], [0.07080103155225714, 0.040801383705446614, -0.15524800613050616]], "ValueCostV4": -0.3816058659337456}, {"Convergence": true, "QuadCompare": [[0.12109485543609821, -0.9504855776274042, 2.5643682661100065e-12], [-0.9504855776274042, -0.9502365648173097, 2.5055255751085885e-12], [2.5643682661100065e-12, 2.5055255751085885e-12, 0.8291417093812186]], "QuadTotal": [[1.245437009358156, 1.025338873941351, 3.040272703124818e-14], [1.025338873941351, 0.1261249710054031, 1.4778022484266072e-14], [3.040272703124818e-14, 1.4778022484266072e-14, -1.3715619803635803]], "QuadLocal": [[1.1243421539220577, 1.975824451568755, -2.5339655390787584e-12], [1.975824451568755, 1.0763615358227128, -2.4907475526243224e-12], [-2.5339655390787584e-12, -2.4907475526243224e-12, -2.200703689744799]], "ValueCostV4": -10.87767931810316}, {"Convergence": true, "QuadCompare": [[-0.07349404708696738, -0.1390574334119492, -0.01818075903413785], [-0.1390574334119492, 0.23250964637171734, -0.33795202093845944], [-0.01818075903413785, -0.33795202093845944, -0.15901559928475706]], "QuadTotal": [[-0.11131337936959085, 0.0009076228482314264, 0.22756561869253744], [0.0009076228482314264, 0.2906183042642567, -0.015662500927309253], [0.22756561869253744, -0.015662500927309253, -0.17930492489472272]], "QuadLocal": [[-0.037819332282623463, 0.13996505626018063, 0.2457463777266753], [0.13996505626018063, 0.058108657892539384, 0.3222895200111502], [0.2457463777266753, 0.3222895200111502, -0.020289325609965658]], "ValueCostV4": -1.123834291796469}, {"Convergence": true, "QuadCompare": [[0.5437297547542101, -0.7073815954519915, 0.002079260471023525], [-0.7073815954519915, -1.0925140606439143, -0.0011466947791525309], [0.002079260471023525, -0.0011466947791525309, 0.5487843058897681]], "QuadTotal": [[-0.03630707198544769, 0.08226157926959843, 0.0019715561805102033], [0.08226157926959843, 0.7805131467727975, 0.003179817029295144], [0.0019715561805102033, 0.003179817029295144, -0.7442060747873143]], "QuadLocal": [[-0.5800368267396578, 0.78964317472159, -0.00010770429051332187], [0.78964317472159, 1.8730272074167118, 0.004326511808447675], [-0.00010770429051332187, 0.004326511808447675, -1.2929903806770824]], "ValueCostV4": -8.898639924500245}, {"Convergence": true, "QuadCompare": [[-0.24065435463694484, -0.3109215661587541, 0.05105312161828923], [-0.3109215661587541, 0.22097430665044726, -0.03333666208028996], [0.05105312161828923, -0.03333666208028996, 0.01968004798644074]], "QuadTotal": [[-0.5375018212852183, 0.33539900544647594, 0.05227472576309755], [0.33539900544647594, 0.5472550222287964, -0.013806232719495881], [0.05227472576309755, -0.013806232719495881, -0.009753200943578122]], "QuadLocal": [[-0.29684746664827344, 0.64632057160523, 0.0012216041448083192], [0.64632057160523, 0.32628071557834915, 0.019530429360794077], [0.0012216041448083192, 0.019530429360794077, -0.029433248930018863]], "ValueCostV4": -0.9816604098554067}, {"Convergence": true, "QuadCompare": [[0.1315287579766391, 0.11949770525646386, 0.0003667081987175358], [0.11949770525646386, 0.04002711128742931, 0.0027199554246364332], [0.0003667081987175358, 0.0027199554246364332, -0.17155586926402577]], "QuadTotal": [[-0.2411648553928103, -0.05268494732874274, 0.0011555462355778978], [-0.05268494732874274, 0.0453634967475125, -0.002262837307461796], [0.0011555462355778978, -0.002262837307461796, 0.1958013586452978]], "QuadLocal": [[-0.3726936133694494, -0.1721826525852066, 0.000788838036860362], [-0.1721826525852066, 0.005336385460083193, -0.004982792732098229], [0.000788838036860362, -0.004982792732098229, 0.36735722790932357]], "ValueCostV4": -0.24519197977834964}, {"Convergence": true, "QuadCompare": [[0.14723756585965475, 0.02331639999615387, -0.0008022936245437179], [0.02331639999615387, 0.024697876125017615, 0.000761691728462105], [-0.0008022936245437179, 0.000761691728462105, -0.17193544198467237]], "QuadTotal": [[-0.8093712029167364, -2.710172914574067, 0.004459054121314018], [-2.710172914574067, 0.4978093980690943, 0.003306414823669085], [0.004459054121314018, 0.003306414823669085, 0.31156180484759943]], "QuadLocal": [[-0.9566087687763911, -2.733489314570221, 0.005261347745857736], [-2.733489314570221, 0.4731115219440767, 0.00254472309520698], [0.005261347745857736, 0.00254472309520698, 0.4834972468322718]], "ValueCostV4": -0.1687807926454607}, {"Convergence": true, "QuadCompare": [[0.07985057681599983, -0.020436492864533307, -0.00664578183671094], [-0.020436492864533307, -0.06222041825206759, -0.01018500366998254], [-0.00664578183671094, -0.01018500366998254, -0.017630158563946452]], "QuadTotal": [[-4.034271147638435, -1.8062318703576068, -0.05923357158485576], [-1.8062318703576068, 2.1735441927208825, -0.23207868644470087], [-0.05923357158485576, -0.23207868644470087, 1.8607269549175385]], "QuadLocal": [[-4.114121724454435, -1.7857953774930735, -0.05258778974814482], [-1.7857953774930735, 2.23576461097295, -0.22189368277471833], [-0.05258778974814482, -0.22189368277471833, 1.878357113481485]], "ValueCostV4": -0.03726734284587905}, {"Convergence": true, "QuadCompare": [[-0.03238864218606352, -0.4609586794032623, 0.018580897065302082], [-0.4609586794032623, 0.15467982548832282, 0.05552752243158565], [0.018580897065302082, 0.05552752243158565, -0.12229118330223798]], "QuadTotal": [[1.1136306499227686, 0.9318837306938264, -0.3463424098797283], [0.9318837306938264, -0.41823367650551546, -0.17384584780798917], [-0.3463424098797283, -0.17384584780798917, -0.6953969734172603]], "QuadLocal": [[1.1460192921088321, 1.3928424100970886, -0.3649233069450304], [1.3928424100970886, -0.5729135019938383, -0.22937337023957483], [-0.3649233069450304, -0.22937337023957483, -0.5731057901150223]], "ValueCostV4": -1.504007795296902}, {"Convergence": true, "QuadCompare": [[-0.06493461116787103, 0.057394633021374375, -0.19264034017452536], [0.057394633021374375, -0.09038591951809849, 0.009590807696702994], [-0.19264034017452536, 0.009590807696702994, 0.15532053068602636]], "QuadTotal": [[-1.0938067508756149, -0.9697223775999646, 1.4121759439145936], [-0.9697223775999646, 0.3396265214031047, 0.059913180654588435], [1.4121759439145936, 0.059913180654588435, 0.7541802294725244]], "QuadLocal": [[-1.0288721397077438, -1.027117010621339, 1.604816284089119], [-1.027117010621339, 0.43001244092120317, 0.05032237295788544], [1.604816284089119, 0.05032237295788544, 0.598859698786498]], "ValueCostV4": -0.3746157848292757}, {"Convergence": true, "QuadCompare": [[0.0516299505430311, 0.03345498932509727, -0.060147810388961886], [0.03345498932509727, 0.02740870537623863, 0.08573015521727001], [-0.060147810388961886, 0.08573015521727001, -0.07903865591919157]], "QuadTotal": [[-0.011194100205926816, -0.05786705027771788, 0.10417484061585469], [-0.05786705027771788, -0.036504773691234504, -0.06762757470644232], [0.10417484061585469, -0.06762757470644232, 0.047698873897218164]], "QuadLocal": [[-0.06282405074895792, -0.09132203960281515, 0.16432265100481658], [-0.09132203960281515, -0.06391347906747313, -0.15335772992371233], [0.16432265100481658, -0.15335772992371233, 0.12673752981640973]], "ValueCostV4": -0.10787760311295898}, {"Convergence": true, "QuadCompare": [[-0.5868220512184052, -0.455374523509974, 0.14302149681937948], [-0.455374523509974, 0.5948087174774841, 0.37518238573250073], [0.14302149681937948, 0.37518238573250073, -0.007986666259043318]], "QuadTotal": [[0.22654728073331398, 0.0485978081565861, -0.5190977298791566], [0.0485978081565861, 0.3557760487115047, 0.29766186493029423], [-0.5190977298791566, 0.29766186493029423, -0.5823233294447476]], "QuadLocal": [[0.8133693319517192, 0.5039723316665601, -0.6621192266985361], [0.5039723316665601, -0.2390326687659794, -0.0775205208022065], [-0.6621192266985361, -0.0775205208022065, -0.5743366631857043]], "ValueCostV4": -4.576195252189105}, {"Convergence": true, "QuadCompare": [[-0.18674713353820493, -1.1968714206277298, 4.090482900938091e-14], [-1.1968714206277298, -0.6556516891542685, -1.9555425034101678e-12], [4.090482900938091e-14, -1.9555425034101678e-12, 0.8423988226924592]], "QuadTotal": [[-0.06970888385215801, 0.2707338264830952, -3.913306032744566e-14], [0.2707338264830952, 0.8111707383884124, -1.9965568073495443e-14], [-3.913306032744566e-14, -1.9965568073495443e-14, -0.7414618545362544]], "QuadLocal": [[0.11703824968604692, 1.467605247110825, -8.003788933682657e-14], [1.467605247110825, 1.4668224275426809, 1.9355769353366722e-12], [-8.003788933682657e-14, 1.9355769353366722e-12, -1.5838606772287136]], "ValueCostV4": -12.878090270040481}, {"Convergence": true, "QuadCompare": [[-5.422770272048012, 2.977810556343374e-12, -1.6434051141687878e-12], [2.977810556343374e-12, 2.7113851360308416, -5.397413190606975e-15], [-1.6434051141687878