[{"BasisSet": "aug-cc-pvtz", "LevelOfTheory": "scf", "Scheme": "V2", "StartIndex": 0, "StopIndex": 200, "Cores": 1, "Memory": 6.0}, {"MolNameIdx": "0028_NC3H7", "SweepDict": {"PenaltyVals": [0.0, 0.017241379310344827, 0.034482758620689655, 0.05172413793103448, 0.06896551724137931, 0.08620689655172414, 0.10344827586206896, 0.12068965517241378, 0.13793103448275862, 0.15517241379310345, 0.1724137931034483, 0.1896551724137931, 0.20689655172413793, 0.22413793103448276, 0.24137931034482757, 0.25862068965517243, 0.27586206896551724, 0.29310344827586204, 0.3103448275862069, 0.3275862068965517, 0.3448275862068966, 0.3620689655172414, 0.3793103448275862, 0.39655172413793105, 0.41379310344827586, 0.43103448275862066, 0.4482758620689655, 0.46551724137931033, 0.48275862068965514, 0.5], "RootMeanDisplacement": [0.00022630577660729857, 0.00026277995021927814, 0.0004685609379573586, 0.0006678854300821928, 0.0008414359395192972, 0.0009846545355701624, 0.0011849274131214885, 0.0013371832585030653, 0.0015062463164247392, 0.0016301649327523946, 0.001811271992783519, 0.0018988635832549018, 0.0021084642690603517, 0.0022279755710445342, 0.0023449715812484478, 0.002499069150881264, 0.0026410937079872315, 0.002736073556329419, 0.002868886446812873, 0.002986588287357318, 0.0030959210881900488, 0.00320173716571629, 0.003272873329051327, 0.003421595720316015, 0.003552019051834881, 0.003664875873298648, 0.0, 0.0, 0.0, 0.0], "QuadDifference": [[[0.09607421633557323, -0.023011411069797483, 0.11212959608396211], [-0.023011411069797483, -0.1288509608407047, -0.022382233104322746], [0.11212959608396211, -0.022382233104322746, 0.03277674450513324]], [[0.09597233989077836, -0.02275861351200853, 0.11098427216856876], [-0.02275861351200853, -0.1280095561626311, -0.022155984545676022], [0.11098427216856876, -0.022155984545676022, 0.0320372162718634]], [[0.09555313141698463, -0.022509141758377205, 0.10945721815831], [-0.022509141758377205, -0.1267769924003943, -0.021677564575924735], [0.10945721815831, -0.021677564575924735, 0.031223860983413232]], [[0.09532447952229006, -0.022763132006969, 0.10802278141403043], [-0.022763132006969, -0.1259219250257253, -0.021270086915989972], [0.10802278141403043, -0.021270086915989972, 0.03059744550343879]], [[0.09529178244311254, -0.022261642038921725, 0.10676292292378342], [-0.022261642038921725, -0.12496350865784578, -0.021263900782506062], [0.10676292292378342, -0.021263900782506062, 0.029671726214729688]], [[0.09523909434326328, -0.022063381610173183, 0.10596097499230694], [-0.022063381610173183, -0.12422815399294507, -0.02102208335149225], [0.10596097499230694, -0.02102208335149225, 0.028989059649674687]], [[0.09522519565262044, -0.02183929007131341, 0.10431971201565382], [-0.02183929007131341, -0.12333678447641283, -0.020719846950950638], [0.10431971201565382, -0.020719846950950638, 0.028111588823790612]], [[0.09508113673758345, -0.02161893080086924, 0.10317705335648775], [-0.02161893080086924, -0.12248916164445589, -0.020559822340035727], [0.10317705335648775, -0.020559822340035727, 0.0274080249068831]], [[0.09501420587364606, -0.02156891906760583, 0.10193235339190032], [-0.02156891906760583, -0.12193856807303405, -0.020137075135673865], [0.10193235339190032, -0.020137075135673865, 0.026924362199382657]], [[0.09480685572336256, -0.021207583118009854, 0.10109825241966597], [-0.021207583118009854, -0.12120920330340823, -0.020256898173297122], [0.10109825241966597, -0.020256898173297122, 0.02640234758004567]], [[0.09462765968444842, -0.02078699864101169, 0.09990763905886979], [-0.02078699864101169, -0.12031822072003351, -0.019858846849551748], [0.09990763905886979, -0.019858846849551748, 0.025690561035583315]], [[0.09454945972111517, -0.021139020918094498, 0.09896888235688905], [-0.021139020918094498, -0.120095886728393, -0.01970343576427669], [0.09896888235688905, -0.01970343576427669, 0.025546427007270722]], [[0.09468955626855902, -0.021118988573927633, 0.09771404459341859], [-0.021118988573927633, -0.1191128703106763, -0.019240764335706206], [0.09771404459341859, -0.019240764335706206, 0.024423314042122612]], [[0.09470183254671838, -0.020834549576857708, 0.0966761352932064], [-0.020834549576857708, -0.11879334308348888, -0.01919435478403475], [0.0966761352932064, -0.01919435478403475, 0.024091510536777605]], [[0.09452847831872901, -0.02072133947424787, 0.09582641718538554], [-0.02072133947424787, -0.11815952280820952, -0.01902479087377118], [0.09582641718538554, -0.01902479087377118, 0.02363104448948583]], [[0.09454614144418017, -0.020573749614577697, 0.09481003350432893], [-0.020573749614577697, -0.11748243541127934, -0.01894271995722907], [0.09481003350432893, -0.01894271995722907, 0.02293629396709207]], [[0.09452927330036687, -0.020488244819407697, 0.09384330967307086], [-0.020488244819407697, -0.11683197045741878, -0.01850909012726687], [0.09384330967307086, -0.01850909012726687, 0.022302697157048357]], [[0.09439847391526612, -0.0203721532799781, 0.09301171534708352], [-0.0203721532799781, -0.11653159528809098, -0.018489748005579454], [0.09301171534708352, -0.018489748005579454, 0.022133121372821307]], [[0.09458458626576771, -0.020097183904436322, 0.09211990846161555], [-0.020097183904436322, -0.11609267726664818, -0.01849033685733603], [0.09211990846161555, -0.01849033685733603, 0.0215080910008858]], [[0.0943519248045952, -0.02016649615690813, 0.09128363425369024], [-0.02016649615690813, -0.11545893695085674, -0.018059098311616117], [0.09128363425369024, -0.018059098311616117, 0.021107012146259763]], [[0.09431473178034011, -0.02007029078918915, 0.09040995224770398], [-0.02007029078918915, -0.11502791001561974, -0.017995845119821885], [0.09040995224770398, -0.017995845119821885, 0.02071317823527785]], [[0.09416006602508986, -0.019914236056856327, 0.08963439030109122], [-0.019914236056856327, -0.11461169099697344, -0.01791228752362739], [0.08963439030109122, -0.01791228752362739, 0.020451624971887128]], [[0.0940559428481933, -0.019846267329517775, 0.08885322811666008], [-0.019846267329517775, -0.11461357535463357, -0.018091918033971588], [0.08885322811666008, -0.018091918033971588, 0.02055763250642606]], [[0.09421937945467462, -0.01972426629493229, 0.0880369566739585], [-0.01972426629493229, -0.11375605692087731, -0.017590181447074804], [0.0880369566739585, -0.017590181447074804, 0.019536677466206243]], [[0.09417657511061961, -0.019731055685128507, 0.08719766927939965], [-0.019731055685128507, -0.11329032133953021, -0.01747001121406533], [0.08719766927939965, -0.01747001121406533, 0.019113746228914152]], [[0.09427198088658173, -0.019307293703773376, 0.08622865417734893], [-0.019307293703773376, -0.11300276768970896, -0.01712059538092836], [0.08622865417734893, -0.01712059538092836, 0.018730786803129007]], [[0.0, 0.0, 0.0], [0.0, 0.0, 0.0], [0.0, 0.0, 0.0]], [[0.0, 0.0, 0.0], [0.0, 0.0, 0.0], [0.0, 0.0, 0.0]], [[0.0, 0.0, 0.0], [0.0, 0.0, 0.0], [0.0, 0.0, 0.0]], [[0.0, 0.0, 0.0], [0.0, 0.0, 0.0], [0.0, 0.0, 0.0]]], "QuadTotal": [[[0.20682058097230538, 0.03919277529530096, -0.25797449711487097], [0.03919277529530096, 0.3329883015625832, 0.10291165281283465], [-0.25797449711487097, 0.10291165281283465, -0.5398088825348868]], [[0.20692245741707538, 0.038939977737502574, -0.25682917319945986], [0.038939977737502574, 0.332146896884538, 0.10268540425418438], [-0.25682917319945986, 0.10268540425418438, -0.539069354301617]], [[0.20734166589089398, 0.03869050598386625, -0.2553021191892171], [0.03869050598386625, 0.33091433312228347, 0.10220698428444353], [-0.2553021191892171, 0.10220698428444353, -0.5382559990131774]], [[0.20757031778557788, 0.03894449623247087, -0.2538676824449375], [0.03894449623247087, 0.3300592657476251, 0.1017995066245021], [-0.2538676824449375, 0.1017995066245021, -0.5376295835332066]], [[0.20760301486474475, 0.038443006264420765, -0.25260782395468695], [0.038443006264420765, 0.3291008493797527, 0.10179332049102285], [-0.25260782395468695, 0.10179332049102285, -0.5367038642444939]], [[0.20765570296460822, 0.03824474583566273, -0.251805876023214], [0.03824474583566273, 0.32836549471482357, 0.10155150306000849], [-0.251805876023214, 0.10155150306000849, -0.5360211976794282]], [[0.20766960165524395, 0.038020654296806455, -0.2501646130465538], [0.038020654296806455, 0.32747412519830554, 0.10124926665947198], [-0.2501646130465538, 0.10124926665947198, -0.5351437268535477]], [[0.2078136605703058, 0.0378002950263725, -0.24902195438740193], [0.0378002950263725, 0.32662650236633795, 0.10108924204855019], [-0.24902195438740193, 0.10108924204855019, -0.5344401629366473]], [[0.20788059143423254, 0.03775028329310137, -0.2477772544228074], [0.03775028329310137, 0.32607590879491255, 0.10066649484419354], [-0.2477772544228074, 0.10066649484419354, -0.5339565002291398]], [[0.20808794158448762, 0.03738894734350118, -0.2469431534505535], [0.03738894734350118, 0.32534654402531515, 0.10078631788181536], [-0.2469431534505535, 0.10078631788181536, -0.5334344856097957]], [[0.20826713762343374, 0.03696836286650784, -0.24575254008978398], [0.03696836286650784, 0.324455561441912, 0.10038826655807276], [-0.24575254008978398, 0.10038826655807276, -0.532722699065344]], [[0.2083453375867279, 0.03732038514359104, -0.24481378338778015], [0.03732038514359104, 0.3242332274502928, 0.10023285547279492], [-0.24481378338778015, 0.10023285547279492, -0.5325785650370207]], [[0.20820524103929827, 0.03730035279943511, -0.24355894562432212], [0.03730035279943511, 0.32325021103257257, 0.09977018404421933], [-0.24355894562432212, 0.09977018404421933, -0.5314554520718691]], [[0.20819296476115667, 0.03701591380234692, -0.24252103632411526], [0.03701591380234692, 0.3229306838053745, 0.09972377449255343], [-0.24252103632411526, 0.09972377449255343, -0.5311236485665383]], [[0.20836631898913538, 0.03690270369974513, -0.2416713182162944], [0.03690270369974513, 0.322296863530088, 0.09955421058228886], [-0.2416713182162944, 0.09955421058228886, -0.5306631825192287]], [[0.20834865586367357, 0.03675511384005903, -0.2406549345352289], [0.03675511384005903, 0.3216197761331685, 0.0994721396657523], [-0.2406549345352289, 0.0994721396657523, -0.5299684319968385]], [[0.20836552400749042, 0.03666960904490413, -0.2396882107039744], [0.03666960904490413, 0.32096931117930794, 0.09903850983578621], [-0.2396882107039744, 0.09903850983578621, -0.5293348351868019]], [[0.20849632339263025, 0.03655351750547986, -0.2388566163779995], [0.03655351750547986, 0.32066893600997304, 0.09901916771409813], [-0.2388566163779995, 0.09901916771409813, -0.5291652594025962]], [[0.20831021104208958, 0.03627854812993636, -0.23796480949251553], [0.03627854812993636, 0.32023001798855866, 0.09901975656585504], [-0.23796480949251553, 0.09901975656585504, -0.5285402290306465]], [[0.20854287250325854, 0.036347860382403674, -0.2371285352845831], [0.036347860382403674, 0.31959627767275656, 0.09858851802013102], [-0.2371285352845831, 0.09858851802013102, -0.5281391501760169]], [[0.2085800655275456, 0.036251655014683415, -0.23625485327862705], [0.036251655014683415, 0.3191652507375018, 0.09852526482834323], [-0.23625485327862705, 0.09852526482834323, -0.5277453162650492]], [[0.20873473128276743, 0.03609560028235759, -0.2354792913319912], [0.03609560028235759, 0.3187490317188768, 0.09844170723214307], [-0.2354792913319912, 0.09844170723214307, -0.5274837630016442]], [[0.2088388544596782, 0.036027631555019646, -0.23469812914756893], [0.036027631555019646, 0.31875091607651207, 0.0986213377424855], [-0.23469812914756893, 0.0986213377424855, -0.5275897705361832]], [[0.2086754178532182, 0.03590563052043616, -0.23388185770489045], [0.03590563052043616, 0.3178933976427629, 0.09811960115559315], [-0.23388185770489045, 0.09811960115559315, -0.5265688154959811]], [[0.20871822219725544, 0.035912419910617555, -0.2330425703103174], [0.035912419910617555, 0.3174276620614158, 0.09799943092258179], [-0.2330425703103174, 0.09799943092258179, -0.5261458842586748]], [[0.20862281642130043, 0.035488657929258594, -0.23207355520825956], [0.035488657929258594, 0.3171401084116017, 0.09765001508945526], [-0.23207355520825956, 0.09765001508945526, -0.5257629248329039]], [[0.0, 0.0, 0.0], [0.0, 0.0, 0.0], [0.0, 0.0, 0.0]], [[0.0, 0.0, 0.0], [0.0, 0.0, 0.0], [0.0, 0.0, 0.0]], [[0.0, 0.0, 0.0], [0.0, 0.0, 0.0], [0.0, 0.0, 0.0]], [[0.0, 0.0, 0.0], [0.0, 0.0, 0.0], [0.0, 0.0, 0.0]]], "QuadLocal": [[[0.3028947973078786, 0.01618136422550348, -0.14584490103090886], [0.01618136422550348, 0.2041373407218785, 0.0805294197085119], [-0.14584490103090886, 0.0805294197085119, -0.5070321380297536]], [[0.30289479730785374, 0.016181364225494044, -0.1458449010308911], [0.016181364225494044, 0.20413734072190692, 0.08052941970850835], [-0.1458449010308911, 0.08052941970850835, -0.5070321380297536]], [[0.3028947973078786, 0.016181364225489048, -0.14584490103090708], [0.016181364225489048, 0.20413734072188916, 0.08052941970851879], [-0.14584490103090708, 0.08052941970851879, -0.5070321380297642]], [[0.30289479730786795, 0.01618136422550187, -0.14584490103090708], [0.01618136422550187, 0.20413734072189982, 0.08052941970851213], [-0.14584490103090708, 0.08052941970851213, -0.5070321380297678]], [[0.3028947973078573, 0.01618136422549904, -0.14584490103090353], [0.01618136422549904, 0.20413734072190692, 0.08052941970851679], [-0.14584490103090353, 0.08052941970851679, -0.5070321380297642]], [[0.3028947973078715, 0.016181364225489547, -0.14584490103090708], [0.016181364225489547, 0.2041373407218785, 0.08052941970851624], [-0.14584490103090708, 0.08052941970851624, -0.5070321380297536]], [[0.3028947973078644, 0.016181364225493045, -0.14584490103089998], [0.016181364225493045, 0.2041373407218927, 0.08052941970852134], [-0.14584490103089998, 0.08052941970852134, -0.5070321380297571]], [[0.30289479730788926, 0.01618136422550326, -0.1458449010309142], [0.01618136422550326, 0.20413734072188205, 0.08052941970851446], [-0.1458449010309142, 0.08052941970851446, -0.5070321380297642]], [[0.3028947973078786, 0.016181364225495543, -0.14584490103090708], [0.016181364225495543, 0.2041373407218785, 0.08052941970851968], [-0.14584490103090708, 0.08052941970851968, -0.5070321380297571]], [[0.3028947973078502, 0.016181364225491324, -0.14584490103088754], [0.016181364225491324, 0.20413734072190692, 0.08052941970851824], [-0.14584490103088754, 0.08052941970851824, -0.50703213802975]], [[0.30289479730788216, 0.016181364225496153, -0.1458449010309142], [0.016181364225496153, 0.2041373407218785, 0.08052941970852101], [-0.1458449010309142, 0.08052941970852101, -0.5070321380297607]], [[0.3028947973078431, 0.016181364225496542, -0.1458449010308911], [0.016181364225496542, 0.20413734072189982, 0.08052941970851824], [-0.1458449010308911, 0.08052941970851824, -0.50703213802975]], [[0.3028947973078573, 0.016181364225507477, -0.14584490103090353], [0.016181364225507477, 0.20413734072189627, 0.08052941970851313], [-0.14584490103090353, 0.08052941970851313, -0.5070321380297464]], [[0.30289479730787505, 0.016181364225489214, -0.14584490103090886], [0.016181364225489214, 0.2041373407218856, 0.08052941970851868], [-0.14584490103090886, 0.08052941970851868, -0.5070321380297607]], [[0.3028947973078644, 0.016181364225497263, -0.14584490103090886], [0.016181364225497263, 0.2041373407218785, 0.08052941970851768], [-0.14584490103090886, 0.08052941970851768, -0.5070321380297429]], [[0.30289479730785374, 0.01618136422548133, -0.14584490103089998], [0.01618136422548133, 0.20413734072188916, 0.08052941970852323], [-0.14584490103089998, 0.08052941970852323, -0.5070321380297464]], [[0.3028947973078573, 0.01618136422549643, -0.14584490103090353], [0.01618136422549643, 0.20413734072188916, 0.08052941970851935], [-0.14584490103090353, 0.08052941970851935, -0.5070321380297536]], [[0.30289479730789637, 0.01618136422550176, -0.14584490103091596], [0.01618136422550176, 0.20413734072188205, 0.08052941970851868], [-0.14584490103091596, 0.08052941970851868, -0.5070321380297749]], [[0.3028947973078573, 0.01618136422550004, -0.14584490103089998], [0.01618136422550004, 0.20413734072191048, 0.08052941970851901], [-0.14584490103089998, 0.08052941970851901, -0.5070321380297607]], [[0.30289479730785374, 0.016181364225495543, -0.14584490103089287], [0.016181364225495543, 0.20413734072189982, 0.0805294197085149], [-0.14584490103089287, 0.0805294197085149, -0.5070321380297571]], [[0.3028947973078857, 0.016181364225494266, -0.14584490103092307], [0.016181364225494266, 0.20413734072188205, 0.08052941970852134], [-0.14584490103092307, 0.08052941970852134, -0.5070321380297713]], [[0.3028947973078573, 0.01618136422550126, -0.14584490103089998], [0.01618136422550126, 0.20413734072190337, 0.08052941970851568], [-0.14584490103089998, 0.08052941970851568, -0.5070321380297571]], [[0.3028947973078715, 0.01618136422550187, -0.14584490103090886], [0.01618136422550187, 0.2041373407218785, 0.0805294197085139], [-0.14584490103090886, 0.0805294197085139, -0.5070321380297571]], [[0.3028947973078928, 0.01618136422550387, -0.14584490103093195], [0.01618136422550387, 0.2041373407218856, 0.08052941970851835], [-0.14584490103093195, 0.08052941970851835, -0.5070321380297749]], [[0.30289479730787505, 0.016181364225489048, -0.14584490103091774], [0.016181364225489048, 0.2041373407218856, 0.08052941970851646], [-0.14584490103091774, 0.08052941970851646, -0.5070321380297607]], [[0.30289479730788216, 0.016181364225485217, -0.14584490103091063], [0.016181364225485217, 0.2041373407218927, 0.0805294197085269], [-0.14584490103091063, 0.0805294197085269, -0.5070321380297749]], [[0.0, 0.0, 0.0], [0.0, 0.0, 0.0], [0.0, 0.0, 0.0]], [[0.0, 0.0, 0.0], [0.0, 0.0, 0.0], [0.0, 0.0, 0.0]], [[0.0, 0.0, 0.0], [0.0, 0.0, 0.0], [0.0, 0.0, 0.0]], [[0.0, 0.0, 0.0], [0.0, 0.0, 0.0], [0.0, 0.0, 0.0]]], "V4CostVals": [-0.17252292815356693, -0.16985130966518786, -0.16607796045392603, -0.1630990693828376, -0.1602636711841118, -0.158310808569141, -0.1550953178482292, -0.15260410043830058, -0.15029937136059188, -0.14837224691654477, -0.1457193336915897, -0.14434269050052861, -0.1418046355018278, -0.140144442482065, -0.13837669002761874, -0.13648133531588408, -0.13460506017871837, -0.13325317672112888, -0.1318292850013023, -0.13010614534000836, -0.12866313146157538, -0.12728187845915453, -0.12636961529677904, -0.12464727255676662, -0.12326939869163489, -0.12181896187377303, 0.0, 0.0, 0.0, 0.0], "OptimizerConv": [6.566838501905416e-06, 5.597690859771862e-06, 8.816197281900605e-06, 6.454796529900422e-06, 7.151432790990528e-06, 8.767910039750096e-06, 5.910493721597733e-06, 8.689500343990517e-06, 4.886327451120244e-06, 5.8743488339882895e-06, 7.818623834041039e-06, 8.634354438106368e-06, 7.883567671081053e-06, 5.627027437576959e-06, 4.2903591509133275e-06, 7.989166296692694e-06, 9.719215506199615e-06, 4.7968097339700814e-06, 8.855183581808656e-06, 5.0749561967297405e-06, 3.1381958841050433e-06, 7.703976597102387e-06, 6.88209330833475e-06, 8.903562488410554e-06, 6.38487972896447e-06, 7.814193156783618e-06, 0.0, 0.0, 0.0, 0.0], "nIterations": 27}, "FinalQuadCompare": [[0.09427198088658173, -0.019307293703773376, 0.08622865417734893], [-0.019307293703773376, -0.11300276768970896, -0.01712059538092836], [0.08622865417734893, -0.01712059538092836, 0.018730786803129007]], "FinalQuadTotal": [[0.30289479730788216, 0.016181364225485217, -0.14584490103091063], [0.016181364225485217, 0.2041373407218927, 0.0805294197085269], [-0.14584490103091063, 0.0805294197085269, -0.5070321380297749]], "FinalQuadLocal": [[0.20862281642130043, 0.035488657929258594, -0.23207355520825956], [0.035488657929258594, 0.3171401084116017, 0.09765001508945526], [-0.23207355520825956, 0.09765001508945526, -0.5257629248329039]], "FinalValueCostV4": -0.12181896187377303}, {"MolNameIdx": "0029_NC3H9", "SweepDict": {"PenaltyVals": [0.0, 0.017241379310344827, 0.034482758620689655, 0.05172413793103448, 0.06896551724137931, 0.08620689655172414, 0.10344827586206896, 0.12068965517241378, 0.13793103448275862, 0.15517241379310345, 0.1724137931034483, 0.1896551724137931, 0.20689655172413793, 0.22413793103448276, 0.24137931034482757, 0.25862068965517243, 0.27586206896551724, 0.29310344827586204, 0.3103448275862069, 0.3275862068965517, 0.3448275862068966, 0.3620689655172414, 0.3793103448275862, 0.39655172413793105, 0.41379310344827586, 0.43103448275862066, 0.4482758620689655, 0.46551724137931033, 0.48275862068965514, 0.5], "RootMeanDisplacement": [0.00014560226860618124, 0.00016867016406850544, 0.00013770217184914325, 0.0001584363613736223, 0.00019641065233451903, 0.00035026859425390004, 0.0002348275922405287, 0.00029482708848286226, 0.00032875291673560596, 0.00038688589891438684, 0.0004928436298241737, 0.0004413408264692725, 0.0004910678583916544, 0.000492329633768288, 0.0006038283411997332, 0.0005980861751796627, 0.0005655262748321556, 0.0006104255428768965, 0.0006095312557557224, 0.0006801466560464464, 0.0006804397106789205, 0.000794006344044409, 0.0006989926592676413, 0.0006429309222537781, 0.0007551149934700297, 0.0008094100436454942, 0.0, 0.0, 0.0, 0.0], "QuadDifference": [[[0.0009457402183485897, 6.596608803688397e-05, -0.00017706792441973818], [6.596608803688397e-05, -0.0001606379878609232, 0.0003336641364946047], [-0.00017706792441973818, 0.0003336641364946047, -0.0007851022304983246]], [[3.4463337755141765e-05, 6.406884814369462e-05, -0.000287583468113084], [6.406884814369462e-05, 2.995645930070623e-05, -1.3407000777121425e-05], [-0.000287583468113084, -1.3407000777121425e-05, -6.441979704874257e-05]], [[0.000570641361935742, 0.0004064936620422621, -0.0007144731746322464], [0.0004064936620422621, 0.00026366443801251194, 0.001058573514962191], [-0.0007144731746322464, 0.001058573514962191, -0.0008343057999464776]], [[0.000892749157539896, 0.0005482861610364154, -0.0008568247758011793], [0.0005482861610364154, 0.00026888594148388734, 0.0011455466793410807], [-0.0008568247758011793, 0.0011455466793410807, -0.001161635099016678]], [[0.0011752554391506465, 0.0005352706795296314, -0.001083765266151282], [0.0005352706795296314, 0.0002654818776939294, 0.0015228155522191145], [-0.001083765266151282, 0.0015228155522191145, -0.0014407373168268123]], [[0.0013966378038539062, 0.001391777046467979, -0.0014753734883266034], [0.001391777046467979, 0.0007794881773079965, 0.001965829831402033], [-0.0014753734883266034, 0.001965829831402033, -0.0021761259811565736]], [[0.0011275149897294057, 0.0008987456837408203, -0.0013357389716182055], [0.0008987456837408203, 0.0007430135542492167, 0.0018900569877136064], [-0.0013357389716182055, 0.0018900569877136064, -0.0018705285439928332]], [[0.0014448151703163603, 0.0005066900819059583, -0.0016887386774273594], [0.0005066900819059583, 0.0005885199442907663, 0.0017396734658596813], [-0.0016887386774273594, 0.0017396734658596813, -0.0020333351145929157]], [[0.0017594586653864042, 0.0010915436278242652, -0.0020783908475801027], [0.0010915436278242652, 0.0007622329323559995, 0.002789237445497861], [-0.0020783908475801027, 0.002789237445497861, -0.002521691597749509]], [[0.002102214152486681, 0.001294384494933798, -0.0021440665300689332], [0.001294384494933798, 0.0008372760069548235, 0.0030775518697687687], [-0.0021440665300689332, 0.0030775518697687687, -0.002939490159432623]], [[0.002272304787695134, 0.0015539310757213265, -0.00258195656747251], [0.0015539310757213265, 0.0014212269811721967, 0.003846812217965123], [-0.00258195656747251, 0.003846812217965123, -0.0036935317688495672]], [[0.0021905361679763757, 0.00152416520754306, -0.002531306182069315], [0.00152416520754306, 0.0011388732153463366, 0.003527450632176965], [-0.002531306182069315, 0.003527450632176965, -0.003329409383312054]], [[0.0025385766897763062, 0.001519797541550183, -0.002786903260491691], [0.001519797541550183, 0.0010930780228868286, 0.0039705331857735615], [-0.002786903260491691, 0.0039705331857735615, -0.003631654712663135]], [[0.0024693860277942292, 0.0015666662920010843, -0.0028486097031210633], [0.0015666662920010843, 0.0013590925551874022, 0.004191314494102372], [-0.0028486097031210633, 0.004191314494102372, -0.003828478582988737]], [[0.002899440126086006, 0.0019126874977208885, -0.003123106878290649], [0.0019126874977208885, 0.0016022272969884455, 0.004612232913011383], [-0.003123106878290649, 0.004612232913011383, -0.004501667423081557]], [[0.00296482074291049, 0.0018695103263293156, -0.0034265023874961997], [0.0018695103263293156, 0.0015367232730234548, 0.004875495075333802], [-0.0034265023874961997, 0.004875495075333802, -0.0045015440159374975]], [[0.0028094360382091565, 0.0018684367230705767, -0.0033894721501361857], [0.0018684367230705767, 0.0015970165180760887, 0.004792378913970552], [-0.0033894721501361857, 0.004792378913970552, -0.004406452556274587]], [[0.0030800234002335003, 0.0021825037016993676, -0.0034841923044508505], [0.0021825037016993676, 0.0014567881227200985, 0.005011509781668977], [-0.0034841923044508505, 0.005011509781668977, -0.00453681152294827]], [[0.003276240597177349, 0.0017849283981932196, -0.0036679158254582234], [0.0017849283981932196, 0.0016197640617505726, 0.005164568345037424], [-0.0036679158254582234, 0.005164568345037424, -0.0048960046589474615]], [[0.003451815325714591, 0.0021579622177525515, -0.003984870639748728], [0.0021579622177525515, 0.001817167251612517, 0.005646090968236095], [-0.003984870639748728, 0.005646090968236095, -0.0052689825773235555]], [[0.003784740606661785, 0.0022006241724432662, -0.004222002696683269], [0.0022006241724432662, 0.0016514767978073053, 0.005911776434938787], [-0.004222002696683269, 0.005911776434938787, -0.005436217404476196]], [[0.0038342708800520597, 0.002456753045640081, -0.004387109505954001], [0.002456753045640081, 0.002022602897927328, 0.006375683493388351], [-0.004387109505954001, 0.006375683493388351, -0.005856873777981164]], [[0.0037320291399112193, 0.002272592490230707, -0.004199258120052285], [0.002272592490230707, 0.001803975473780639, 0.006039557219123637], [-0.004199258120052285, 0.006039557219123637, -0.005536004613684753]], [[0.003614462098234128, 0.0022932523442125152, -0.003900893405401895], [0.0022932523442125152, 0.0017911651344064694, 0.005601437854098279], [-0.003900893405401895, 0.005601437854098279, -0.0054056272326512556]], [[0.004074209380995342, 0.002588160143916607, -0.0044558069068596495], [0.002588160143916607, 0.0020778106322225653, 0.006413065835097598], [-0.0044558069068596495, 0.006413065835097598, -0.006152020013217907]], [[0.004174967560242493, 0.0025922714892594456, -0.004954847933722029], [0.0025922714892594456, 0.00219633185693624, 0.006883130533022808], [-0.004954847933722029, 0.006883130533022808, -0.006371299417182286]], [[0.0, 0.0, 0.0], [0.0, 0.0, 0.0], [0.0, 0.0, 0.0]], [[0.0, 0.0, 0.0], [0.0, 0.0, 0.0], [0.0, 0.0, 0.0]], [[0.0, 0.0, 0.0], [0.0, 0.0, 0.0], [0.0, 0.0, 0.0]], [[0.0, 0.0, 0.0], [0.0, 0.0, 0.0], [0.0, 0.0, 0.0]]], "QuadTotal": [[[0.17139136044120207, 0.11060971604368852, -0.19811051449098738], [0.11060971604368852, 0.08989217125827764, 0.2853436892809533], [-0.19811051449098738, 0.2853436892809533, -0.2612835316994797]], [[0.17230263732180973, 0.1106116132835786, -0.19799999894730735], [0.1106116132835786, 0.08970157681112312, 0.28569076041824815], [-0.19799999894730735, 0.28569076041824815, -0.2620042141329364]], [[0.17176645929764334, 0.11026918846968403, -0.1975731092407953], [0.11026918846968403, 0.08946786883240421, 0.28461877990250173], [-0.1975731092407953, 0.28461877990250173, -0.2612343281300564]], [[0.17144435150203918, 0.11012739597069388, -0.19743075763961748], [0.11012739597069388, 0.08946264732892573, 0.2845318067381104], [-0.19743075763961748, 0.2845318067381104, -0.26090699883097557]], [[0.17116184522042488, 0.11014041145219755, -0.19720381714926916], [0.11014041145219755, 0.08946605139273345, 0.28415453786524836], [-0.19720381714926916, 0.28415453786524836, -0.2606278966131619]], [[0.17094046285571451, 0.10928390508525876, -0.19681220892708495], [0.10928390508525876, 0.08895204509309806, 0.28371152358604057], [-0.19681220892708495, 0.28371152358604057, -0.2598925079488108]], [[0.17120958566986033, 0.10977693644799347, -0.19695184344380579], [0.10977693644799347, 0.08898851971616395, 0.28378729642974143], [-0.19695184344380579, 0.28378729642974143, -0.26019810538602073]], [[0.17089228548925206, 0.11016899204981234, -0.1965988437379984], [0.11016899204981234, 0.08914301332614372, 0.2839376799516149], [-0.1965988437379984, 0.2839376799516149, -0.26003529881539933]], [[0.17057764199418557, 0.10958413850389803, -0.19620919156784122], [0.10958413850389803, 0.08896930033806072, 0.2828881159719572], [-0.19620919156784122, 0.2828881159719572, -0.25954694233223563]], [[0.1702348865070853, 0.10938129763678628, -0.19614351588534262], [0.10938129763678628, 0.0888942572634619, 0.2825998015476827], [-0.19614351588534262, 0.2825998015476827, -0.25912914377054896]], [[0.1700647958718804, 0.10912175105600541, -0.19570562584795326], [0.10912175105600541, 0.08831030628925518, 0.28183054119951123], [-0.19570562584795326, 0.28183054119951123, -0.2583751021611391]], [[0.17014656449160626, 0.10915151692417924, -0.19575627623334935], [0.10915151692417924, 0.08859266005507394, 0.2821499027852781], [-0.19575627623334935, 0.2821499027852781, -0.25873922454667664]], [[0.16979852396979922, 0.10915588459017478, -0.19550067915492342], [0.10915588459017478, 0.08863845524753344, 0.2817068202316779], [-0.19550067915492342, 0.2817068202316779, -0.25843697921733266]], [[0.1698677146318026, 0.10910901583972521, -0.19543897271231359], [0.10910901583972521, 0.08837244071522576, 0.2814860389233811], [-0.19543897271231359, 0.2814860389233811, -0.2582401553470248]], [[0.16943766053349663, 0.10876299463401562, -0.19516447553713512], [0.10876299463401562, 0.08812930597343183, 0.2810651205044632], [-0.19516447553713512, 0.2810651205044632, -0.257566966506932]], [[0.16937227991665438, 0.1088061718053952, -0.19486108002791092], [0.1088061718053952, 0.08819480999740037, 0.28080185834210525], [-0.19486108002791092, 0.28080185834210525, -0.2575670899140512]], [[0.16952766462135216, 0.10880724540865394, -0.1948981102652798], [0.10880724540865394, 0.08813451675235129, 0.28088497450349337], [-0.1948981102652798, 0.28088497450349337, -0.257662181373707]], [[0.1692570772593207, 0.10849317843001405, -0.1948033901109607], [0.10849317843001405, 0.08827474514770728, 0.2806658436357985], [-0.1948033901109607, 0.2806658436357985, -0.2575318224070333]], [[0.16906086006237686, 0.10889075373353352, -0.19461966658995955], [0.10889075373353352, 0.0881117692086697, 0.28051278507243005], [-0.19461966658995955, 0.28051278507243005, -0.25717262927104123]], [[0.16888528533385383, 0.10851771991397552, -0.19430271177566283], [0.10851771991397552, 0.08791436601882197, 0.2800312624492278], [-0.19430271177566283, 0.2800312624492278, -0.25679965135267224]], [[0.16855236005289598, 0.1084750579592666, -0.1940655797187265], [0.1084750579592666, 0.08808005647260231, 0.2797655769825056], [-0.1940655797187265, 0.2797655769825056, -0.2566324165255054]], [[0.1685028297795199, 0.10821892908608799, -0.19390047290944512], [0.10821892908608799, 0.08770893037248939, 0.27930166992405603], [-0.19390047290944512, 0.27930166992405603, -0.256211760152004]], [[0.1686050715196714, 0.10840308964148271, -0.1940883242953788], [0.10840308964148271, 0.08792755779663253, 0.27963779619833673], [-0.1940883242953788, 0.27963779619833673, -0.25653262931631104]], [[0.1687226385613343, 0.10838242978751289, -0.1943866890100132], [0.10838242978751289, 0.08794036813602091, 0.2800759155633621], [-0.1943866890100132, 0.2800759155633621, -0.25666300669734454]], [[0.16826289127856597, 0.10808752198780258, -0.19383177550855812], [0.10808752198780258, 0.08765372263820481, 0.27926428758236277], [-0.19383177550855812, 0.27926428758236277, -0.2559166139167637]], [[0.16816213309934724, 0.10808341064247529, -0.19333273448170551], [0.10808341064247529, 0.08753520141348403, 0.2787942228844642], [-0.19333273448170551, 0.2787942228844642, -0.2556973345128277]], [[0.0, 0.0, 0.0], [0.0, 0.0, 0.0], [0.0, 0.0, 0.0]], [[0.0, 0.0, 0.0], [0.0, 0.0, 0.0], [0.0, 0.0, 0.0]], [[0.0, 0.0, 0.0], [0.0, 0.0, 0.0], [0.0, 0.0, 0.0]], [[0.0, 0.0, 0.0], [0.0, 0.0, 0.0], [0.0, 0.0, 0.0]]], "QuadLocal": [[[0.17233710065955066, 0.1106756821317254, -0.19828758241540712], [0.1106756821317254, 0.08973153327041672, 0.28567735341744793], [-0.19828758241540712, 0.28567735341744793, -0.26206863392997803]], [[0.17233710065956487, 0.1106756821317223, -0.19828758241542044], [0.1106756821317223, 0.08973153327042382, 0.285677353417471], [-0.19828758241542044, 0.285677353417471, -0.26206863392998514]], [[0.17233710065957908, 0.1106756821317263, -0.19828758241542754], [0.1106756821317263, 0.08973153327041672, 0.2856773534174639], [-0.19828758241542754, 0.2856773534174639, -0.2620686339300029]], [[0.17233710065957908, 0.11067568213173029, -0.19828758241541866], [0.11067568213173029, 0.08973153327040961, 0.2856773534174515], [-0.19828758241541866, 0.2856773534174515, -0.26206863392999225]], [[0.17233710065957553, 0.11067568213172718, -0.19828758241542044], [0.11067568213172718, 0.08973153327042738, 0.28567735341746747], [-0.19828758241542044, 0.28567735341746747, -0.2620686339299887]], [[0.17233710065956842, 0.11067568213172674, -0.19828758241541156], [0.11067568213172674, 0.08973153327040606, 0.2856773534174426], [-0.19828758241541156, 0.2856773534174426, -0.2620686339299674]], [[0.17233710065958974, 0.11067568213173429, -0.198287582415424], [0.11067568213173429, 0.08973153327041317, 0.28567735341745504], [-0.198287582415424, 0.28567735341745504, -0.26206863393001356]], [[0.17233710065956842, 0.1106756821317183, -0.19828758241542577], [0.1106756821317183, 0.08973153327043448, 0.2856773534174746], [-0.19828758241542577, 0.2856773534174746, -0.26206863392999225]], [[0.17233710065957197, 0.1106756821317223, -0.19828758241542133], [0.1106756821317223, 0.08973153327041672, 0.28567735341745504], [-0.19828758241542133, 0.28567735341745504, -0.26206863392998514]], [[0.17233710065957197, 0.11067568213172008, -0.19828758241541156], [0.11067568213172008, 0.08973153327041672, 0.2856773534174515], [-0.19828758241541156, 0.2856773534174515, -0.2620686339299816]], [[0.17233710065957553, 0.11067568213172674, -0.19828758241542577], [0.11067568213172674, 0.08973153327042738, 0.28567735341747635], [-0.19828758241542577, 0.28567735341747635, -0.2620686339299887]], [[0.17233710065958263, 0.1106756821317223, -0.19828758241541866], [0.1106756821317223, 0.08973153327042027, 0.28567735341745504], [-0.19828758241541866, 0.28567735341745504, -0.2620686339299887]], [[0.17233710065957553, 0.11067568213172496, -0.1982875824154151], [0.11067568213172496, 0.08973153327042027, 0.2856773534174515], [-0.1982875824154151, 0.2856773534174515, -0.2620686339299958]], [[0.17233710065959684, 0.1106756821317263, -0.19828758241543465], [0.1106756821317263, 0.08973153327041317, 0.28567735341748346], [-0.19828758241543465, 0.28567735341748346, -0.26206863393001356]], [[0.17233710065958263, 0.11067568213173651, -0.19828758241542577], [0.11067568213173651, 0.08973153327042027, 0.2856773534174746], [-0.19828758241542577, 0.2856773534174746, -0.26206863393001356]], [[0.17233710065956487, 0.11067568213172452, -0.19828758241540712], [0.11067568213172452, 0.08973153327042382, 0.28567735341743905], [-0.19828758241540712, 0.28567735341743905, -0.2620686339299887]], [[0.17233710065956132, 0.11067568213172452, -0.198287582415416], [0.11067568213172452, 0.08973153327042738, 0.2856773534174639], [-0.198287582415416, 0.2856773534174639, -0.2620686339299816]], [[0.1723371006595542, 0.11067568213171342, -0.19828758241541156], [0.11067568213171342, 0.08973153327042738, 0.28567735341746747], [-0.19828758241541156, 0.28567735341746747, -0.2620686339299816]], [[0.1723371006595542, 0.11067568213172674, -0.19828758241541777], [0.11067568213172674, 0.08973153327042027, 0.28567735341746747], [-0.19828758241541777, 0.28567735341746747, -0.2620686339299887]], [[0.17233710065956842, 0.11067568213172807, -0.19828758241541156], [0.11067568213172807, 0.08973153327043448, 0.2856773534174639], [-0.19828758241541156, 0.2856773534174639, -0.2620686339299958]], [[0.17233710065955776, 0.11067568213170986, -0.19828758241540978], [0.11067568213170986, 0.08973153327040961, 0.2856773534174444], [-0.19828758241540978, 0.2856773534174444, -0.2620686339299816]], [[0.17233710065957197, 0.11067568213172807, -0.19828758241539912], [0.11067568213172807, 0.08973153327041672, 0.2856773534174444], [-0.19828758241539912, 0.2856773534174444, -0.26206863392998514]], [[0.17233710065958263, 0.11067568213171342, -0.1982875824154311], [0.11067568213171342, 0.08973153327041317, 0.28567735341746037], [-0.1982875824154311, 0.28567735341746037, -0.2620686339299958]], [[0.17233710065956842, 0.1106756821317254, -0.1982875824154151], [0.1106756821317254, 0.08973153327042738, 0.28567735341746037], [-0.1982875824154151, 0.28567735341746037, -0.2620686339299958]], [[0.17233710065956132, 0.11067568213171919, -0.19828758241541777], [0.11067568213171919, 0.08973153327042738, 0.28567735341746037], [-0.19828758241541777, 0.28567735341746037, -0.2620686339299816]], [[0.17233710065958974, 0.11067568213173473, -0.19828758241542754], [0.11067568213173473, 0.08973153327042027, 0.285677353417487], [-0.19828758241542754, 0.285677353417487, -0.26206863393001]], [[0.0, 0.0, 0.0], [0.0, 0.0, 0.0], [0.0, 0.0, 0.0]], [[0.0, 0.0, 0.0], [0.0, 0.0, 0.0], [0.0, 0.0, 0.0]], [[0.0, 0.0, 0.0], [0.0, 0.0, 0.0], [0.0, 0.0, 0.0]], [[0.0, 0.0, 0.0], [0.0, 0.0, 0.0], [0.0, 0.0, 0.0]]], "V4CostVals": [-5.836461881975439e-06, -5.74540657306184e-07, -1.4932514460074397e-05, -2.203882689251346e-05, -3.534830978507937e-05, -7.412468862267669e-05, -5.6272822028777485e-05, -6.0059105176299136e-05, -0.00011674173341302802, -0.00014425790257127454, -0.00021865368406828864, -0.00018978099811411367, -0.00023117613246373278, -0.0002514619241780081, -0.00032075296305886345, -0.00034887171997137945, -0.0003371544135094122, -0.0003705486613852485, -0.0003951775787053468, -0.0004712304717654634, -0.0005159612366606229, -0.0005896724066518458, -0.0005304375755089729, -0.0004756606866011935, -0.0006188925243449596, -0.000701845021997553, 0.0, 0.0, 0.0, 0.0], "OptimizerConv": [9.440251043125045e-06, 8.417372790043866e-06, 7.917199050038297e-06, 9.098056519059782e-06, 8.633245913894252e-06, 8.168294799179516e-06, 8.915874438066071e-06, 5.608009328510663e-06, 5.432381966940801e-06, 7.2160088677935506e-06, 5.797146546111043e-06, 6.733096395145099e-06, 5.610512907791904e-06, 4.1470912773764105e-06, 6.772746910764421e-06, 4.607881694536557e-06, 9.717932733476307e-06, 9.372161094182398e-06, 3.4950752051246324e-06, 5.117910331389811e-06, 8.658820929349287e-06, 7.182737577194539e-06, 8.033850789792869e-06, 6.073553151646726e-06, 3.346079853436452e-06, 4.853847942432668e-06, 0.0, 0.0, 0.0, 0.0], "nIterations": 27}, "FinalQuadCompare": [[0.004174967560242493, 0.0025922714892594456, -0.004954847933722029], [0.0025922714892594456, 0.00219633185693624, 0.006883130533022808], [-0.004954847933722029, 0.006883130533022808, -0.006371299417182286]], "FinalQuadTotal": [[0.17233710065958974, 0.11067568213173473, -0.19828758241542754], [0.11067568213173473, 0.08973153327042027, 0.285677353417487], [-0.19828758241542754, 0.285677353417487, -0.26206863393001]], "FinalQuadLocal": [[0.16816213309934724, 0.10808341064247529, -0.19333273448170551], [0.10808341064247529, 0.08753520141348403, 0.2787942228844642], [-0.19333273448170551, 0.2787942228844642, -0.2556973345128277]], "FinalValueCostV4": -0.000701845021997553}, {"MolNameIdx": "0031_NC3H7", "SweepDict": {"PenaltyVals": [0.0, 0.017241379310344827, 0.034482758620689655, 0.05172413793103448, 0.06896551724137931, 0.08620689655172414, 0.10344827586206896, 0.12068965517241378, 0.13793103448275862, 0.15517241379310345, 0.1724137931034483, 0.1896551724137931, 0.20689655172413793, 0.22413793103448276, 0.24137931034482757, 0.25862068965517243, 0.27586206896551724, 0.29310344827586204, 0.3103448275862069, 0.3275862068965517, 0.3448275862068966, 0.3620689655172414, 0.3793103448275862