[{"BasisSet": "aug-cc-pvtz", "LevelOfTheory": "scf", "Scheme": "V2", "StartIndex": 200, "StopIndex": 350, "Cores": 1, "Memory": 6.0}, {"MolNameIdx": "2841_OC6H12", "SweepDict": {"PenaltyVals": [0.0, 0.017241379310344827, 0.034482758620689655, 0.05172413793103448, 0.06896551724137931, 0.08620689655172414, 0.10344827586206896, 0.12068965517241378, 0.13793103448275862, 0.15517241379310345, 0.1724137931034483, 0.1896551724137931, 0.20689655172413793, 0.22413793103448276, 0.24137931034482757, 0.25862068965517243, 0.27586206896551724, 0.29310344827586204, 0.3103448275862069, 0.3275862068965517, 0.3448275862068966, 0.3620689655172414, 0.3793103448275862, 0.39655172413793105, 0.41379310344827586, 0.43103448275862066, 0.4482758620689655, 0.46551724137931033, 0.48275862068965514, 0.5], "RootMeanDisplacement": [0.0005794206288365364, 0.00028646180630883633, 0.0013743482174255512, 0.0004103853444685886, 0.000585394974257672, 0.001360867265485075, 0.0005401558477776167, 0.000803071103657476, 0.000757745449196691, 0.001009392081569318, 0.0008494107805445394, 0.0, 0.0, 0.0, 0.0, 0.0, 0.0, 0.0, 0.0, 0.0, 0.0, 0.0, 0.0, 0.0, 0.0, 0.0, 0.0, 0.0, 0.0, 0.0], "QuadDifference": [[[-0.2622923211958863, -0.14337002870895788, 0.08740724204276518], [-0.14337002870895788, 0.1814953916538542, 0.04880366292873006], [0.08740724204276518, 0.04880366292873006, 0.08079692954198947]], [[-0.2614723269126813, -0.14488492384535334, 0.08696257333090962], [-0.14488492384535334, 0.17930300265156518, 0.04961825163073996], [0.08696257333090962, 0.04961825163073996, 0.0821693242611019]], [[-0.260044644761507, -0.147504236646256, 0.08692380422824897], [-0.147504236646256, 0.17579044806160482, 0.04965730862344131], [0.08692380422824897, 0.04965730862344131, 0.08425419669984535]], [[-0.2615432002509408, -0.14586721609263975, 0.08701752470413204], [-0.14586721609263975, 0.1775679438430302, 0.049766601652230236], [0.08701752470413204, 0.049766601652230236, 0.08397525640788217]], [[-0.2636792925083995, -0.1432421233227501, 0.0879316709007334], [-0.1432421233227501, 0.17928847361348232, 0.04769583912551667], [0.0879316709007334, 0.04769583912551667, 0.08439081889491717]], [[-0.263716221676475, -0.14286395400816332, 0.08840807391259098], [-0.14286395400816332, 0.17877977893650154, 0.04768320337428733], [0.08840807391259098, 0.04768320337428733, 0.08493644274003032]], [[-0.2625674337428592, -0.14477724710845052, 0.08828718553776227], [-0.14477724710845052, 0.17802307726041988, 0.04857935979840278], [0.08828718553776227, 0.04857935979840278, 0.0845443564824393]], [[-0.2628480209071, -0.14516553449431058, 0.08797525530684425], [-0.14516553449431058, 0.1778084136110607, 0.04795041738967143], [0.08797525530684425, 0.04795041738967143, 0.08503960729605353]], [[-0.2633217615833132, -0.14484563190248423, 0.0881438731831583], [-0.14484563190248423, 0.17847931606166867, 0.04786139720499705], [0.0881438731831583, 0.04786139720499705, 0.08484244552165876]], [[-0.26477962627842544, -0.14313429534172428, 0.08840710354144399], [-0.14313429534172428, 0.17827410245047304, 0.04815574349068186], [0.08840710354144399, 0.04815574349068186, 0.08650552382792398]], [[-0.2637892134552686, -0.1448876581072227, 0.08820708587315451], [-0.1448876581072227, 0.17751544897477345, 0.04730836539860306], [0.08820708587315451, 0.04730836539860306, 0.08627376448049517]], [[0.0, 0.0, 0.0], [0.0, 0.0, 0.0], [0.0, 0.0, 0.0]], [[0.0, 0.0, 0.0], [0.0, 0.0, 0.0], [0.0, 0.0, 0.0]], [[0.0, 0.0, 0.0], [0.0, 0.0, 0.0], [0.0, 0.0, 0.0]], [[0.0, 0.0, 0.0], [0.0, 0.0, 0.0], [0.0, 0.0, 0.0]], [[0.0, 0.0, 0.0], [0.0, 0.0, 0.0], [0.0, 0.0, 0.0]], [[0.0, 0.0, 0.0], [0.0, 0.0, 0.0], [0.0, 0.0, 0.0]], [[0.0, 0.0, 0.0], [0.0, 0.0, 0.0], [0.0, 0.0, 0.0]], [[0.0, 0.0, 0.0], [0.0, 0.0, 0.0], [0.0, 0.0, 0.0]], [[0.0, 0.0, 0.0], [0.0, 0.0, 0.0], [0.0, 0.0, 0.0]], [[0.0, 0.0, 0.0], [0.0, 0.0, 0.0], [0.0, 0.0, 0.0]], [[0.0, 0.0, 0.0], [0.0, 0.0, 0.0], [0.0, 0.0, 0.0]], [[0.0, 0.0, 0.0], [0.0, 0.0, 0.0], [0.0, 0.0, 0.0]], [[0.0, 0.0, 0.0], [0.0, 0.0, 0.0], [0.0, 0.0, 0.0]], [[0.0, 0.0, 0.0], [0.0, 0.0, 0.0], [0.0, 0.0, 0.0]], [[0.0, 0.0, 0.0], [0.0, 0.0, 0.0], [0.0, 0.0, 0.0]], [[0.0, 0.0, 0.0], [0.0, 0.0, 0.0], [0.0, 0.0, 0.0]], [[0.0, 0.0, 0.0], [0.0, 0.0, 0.0], [0.0, 0.0, 0.0]], [[0.0, 0.0, 0.0], [0.0, 0.0, 0.0], [0.0, 0.0, 0.0]], [[0.0, 0.0, 0.0], [0.0, 0.0, 0.0], [0.0, 0.0, 0.0]]], "QuadTotal": [[[-0.8279427242779462, -0.8622756327946064, -0.09349178828696125], [-0.8622756327946064, 0.09522766619329559, -0.02663450194821948], [-0.09349178828696125, -0.02663450194821948, 0.7327150580846364]], [[-0.828762718561066, -0.8607607376581683, -0.09304711957506484], [-0.8607607376581683, 0.09742005519552777, -0.027449090650211616], [-0.09304711957506484, -0.027449090650211616, 0.7313426633655382]], [[-0.830190400712226, -0.8581414248570098, -0.0930083504724557], [-0.8581414248570098, 0.1009326097855876, -0.027488147642994676], [-0.0930083504724557, -0.027488147642994676, 0.7292577909266242]], [[-0.8286918452228207, -0.8597784454107256, -0.09310207094829792], [-0.8597784454107256, 0.09915511400419064, -0.027597440671765838], [-0.09310207094829792, -0.027597440671765838, 0.7295367312185874]], [[-0.826555752965433, -0.8624035381806721, -0.09401621714491526], [-0.8624035381806721, 0.09743458423378115, -0.02552667814505938], [-0.09401621714491526, -0.02552667814505938, 0.7291211687316093]], [[-0.8265188237973433, -0.8627817074954436, -0.09449262015673732], [-0.8627817074954436, 0.09794327891069088, -0.02551404239376609], [-0.09449262015673732, -0.02551404239376609, 0.7285755448866098]], [[-0.8276676117310018, -0.8608684143951137, -0.09437173178193525], [-0.8608684143951137, 0.09869998058672991, -0.026410198817877983], [-0.09437173178193525, -0.026410198817877983, 0.7289676311442577]], [[-0.8273870245667183, -0.8604801270090974, -0.0940598015510048], [-0.8604801270090974, 0.09891464423616014, -0.02578125640917861], [-0.0940598015510048, -0.02578125640917861, 0.728472380330544]], [[-0.8269132838904483, -0.8608000296009379, -0.09422841942732774], [-0.8608000296009379, 0.09824374178555217, -0.02569223622450778], [-0.09422841942732774, -0.02569223622450778, 0.7286695421049245]], [[-0.8254554191953076, -0.8625113661617689, -0.09449164978557612], [-0.8625113661617689, 0.0984489553966057, -0.02598658251011088], [-0.09449164978557612, -0.02598658251011088, 0.7270064637986593]], [[-0.8264458320183792, -0.8607580033960147, -0.09429163211734704], [-0.8607580033960147, 0.09920760887247582, -0.025139204418128003], [-0.09429163211734704, -0.025139204418128003, 0.7272382231458607]], [[0.0, 0.0, 0.0], [0.0, 0.0, 0.0], [0.0, 0.0, 0.0]], [[0.0, 0.0, 0.0], [0.0, 0.0, 0.0], [0.0, 0.0, 0.0]], [[0.0, 0.0, 0.0], [0.0, 0.0, 0.0], [0.0, 0.0, 0.0]], [[0.0, 0.0, 0.0], [0.0, 0.0, 0.0], [0.0, 0.0, 0.0]], [[0.0, 0.0, 0.0], [0.0, 0.0, 0.0], [0.0, 0.0, 0.0]], [[0.0, 0.0, 0.0], [0.0, 0.0, 0.0], [0.0, 0.0, 0.0]], [[0.0, 0.0, 0.0], [0.0, 0.0, 0.0], [0.0, 0.0, 0.0]], [[0.0, 0.0, 0.0], [0.0, 0.0, 0.0], [0.0, 0.0, 0.0]], [[0.0, 0.0, 0.0], [0.0, 0.0, 0.0], [0.0, 0.0, 0.0]], [[0.0, 0.0, 0.0], [0.0, 0.0, 0.0], [0.0, 0.0, 0.0]], [[0.0, 0.0, 0.0], [0.0, 0.0, 0.0], [0.0, 0.0, 0.0]], [[0.0, 0.0, 0.0], [0.0, 0.0, 0.0], [0.0, 0.0, 0.0]], [[0.0, 0.0, 0.0], [0.0, 0.0, 0.0], [0.0, 0.0, 0.0]], [[0.0, 0.0, 0.0], [0.0, 0.0, 0.0], [0.0, 0.0, 0.0]], [[0.0, 0.0, 0.0], [0.0, 0.0, 0.0], [0.0, 0.0, 0.0]], [[0.0, 0.0, 0.0], [0.0, 0.0, 0.0], [0.0, 0.0, 0.0]], [[0.0, 0.0, 0.0], [0.0, 0.0, 0.0], [0.0, 0.0, 0.0]], [[0.0, 0.0, 0.0], [0.0, 0.0, 0.0], [0.0, 0.0, 0.0]], [[0.0, 0.0, 0.0], [0.0, 0.0, 0.0], [0.0, 0.0, 0.0]]], "QuadLocal": [[[-1.0902350454738325, -1.0056456615035643, -0.006084546244196076], [-1.0056456615035643, 0.2767230578471498, 0.022169160980510583], [-0.006084546244196076, 0.022169160980510583, 0.8135119876266259]], [[-1.0902350454737473, -1.0056456615035216, -0.00608454624415522], [-1.0056456615035216, 0.27672305784709295, 0.022169160980528346], [-0.00608454624415522, 0.022169160980528346, 0.8135119876266401]], [[-1.090235045473733, -1.0056456615032658, -0.006084546244206734], [-1.0056456615032658, 0.2767230578471924, 0.022169160980446634], [-0.006084546244206734, 0.022169160980446634, 0.8135119876264696]], [[-1.0902350454737615, -1.0056456615033653, -0.006084546244165878], [-1.0056456615033653, 0.27672305784722084, 0.022169160980464397], [-0.006084546244165878, 0.022169160980464397, 0.8135119876264696]], [[-1.0902350454738325, -1.0056456615034222, -0.006084546244181865], [-1.0056456615034222, 0.2767230578472635, 0.022169160980457292], [-0.006084546244181865, 0.022169160980457292, 0.8135119876265264]], [[-1.0902350454738183, -1.005645661503607, -0.006084546244146338], [-1.005645661503607, 0.2767230578471924, 0.02216916098052124], [-0.006084546244146338, 0.02216916098052124, 0.8135119876266401]], [[-1.090235045473861, -1.0056456615035643, -0.006084546244172984], [-1.0056456615035643, 0.2767230578471498, 0.022169160980524794], [-0.006084546244172984, 0.022169160980524794, 0.813511987626697]], [[-1.0902350454738183, -1.005645661503408, -0.006084546244160549], [-1.005645661503408, 0.27672305784722084, 0.02216916098049282], [-0.006084546244160549, 0.02216916098049282, 0.8135119876265975]], [[-1.0902350454737615, -1.0056456615034222, -0.006084546244169431], [-1.0056456615034222, 0.27672305784722084, 0.022169160980489266], [-0.006084546244169431, 0.022169160980489266, 0.8135119876265833]], [[-1.090235045473733, -1.0056456615034932, -0.006084546244132127], [-1.0056456615034932, 0.27672305784707873, 0.02216916098057098], [-0.006084546244132127, 0.02216916098057098, 0.8135119876265833]], [[-1.0902350454736478, -1.0056456615032374, -0.0060845462441925235], [-1.0056456615032374, 0.27672305784724927, 0.022169160980475056], [-0.0060845462441925235, 0.022169160980475056, 0.8135119876263559]], [[0.0, 0.0, 0.0], [0.0, 0.0, 0.0], [0.0, 0.0, 0.0]], [[0.0, 0.0, 0.0], [0.0, 0.0, 0.0], [0.0, 0.0, 0.0]], [[0.0, 0.0, 0.0], [0.0, 0.0, 0.0], [0.0, 0.0, 0.0]], [[0.0, 0.0, 0.0], [0.0, 0.0, 0.0], [0.0, 0.0, 0.0]], [[0.0, 0.0, 0.0], [0.0, 0.0, 0.0], [0.0, 0.0, 0.0]], [[0.0, 0.0, 0.0], [0.0, 0.0, 0.0], [0.0, 0.0, 0.0]], [[0.0, 0.0, 0.0], [0.0, 0.0, 0.0], [0.0, 0.0, 0.0]], [[0.0, 0.0, 0.0], [0.0, 0.0, 0.0], [0.0, 0.0, 0.0]], [[0.0, 0.0, 0.0], [0.0, 0.0, 0.0], [0.0, 0.0, 0.0]], [[0.0, 0.0, 0.0], [0.0, 0.0, 0.0], [0.0, 0.0, 0.0]], [[0.0, 0.0, 0.0], [0.0, 0.0, 0.0], [0.0, 0.0, 0.0]], [[0.0, 0.0, 0.0], [0.0, 0.0, 0.0], [0.0, 0.0, 0.0]], [[0.0, 0.0, 0.0], [0.0, 0.0, 0.0], [0.0, 0.0, 0.0]], [[0.0, 0.0, 0.0], [0.0, 0.0, 0.0], [0.0, 0.0, 0.0]], [[0.0, 0.0, 0.0], [0.0, 0.0, 0.0], [0.0, 0.0, 0.0]], [[0.0, 0.0, 0.0], [0.0, 0.0, 0.0], [0.0, 0.0, 0.0]], [[0.0, 0.0, 0.0], [0.0, 0.0, 0.0], [0.0, 0.0, 0.0]], [[0.0, 0.0, 0.0], [0.0, 0.0, 0.0], [0.0, 0.0, 0.0]], [[0.0, 0.0, 0.0], [0.0, 0.0, 0.0], [0.0, 0.0, 0.0]]], "V4CostVals": [-0.5401309144109688, -0.5397540294047671, -0.5393750107083701, -0.5408307779925575, -0.5414818248495032, -0.5410958447270647, -0.5420186891003042, -0.5424930920863269, -0.5434864890242147, -0.5439502509829791, -0.5437720604978287, 0.0, 0.0, 0.0, 0.0, 0.0, 0.0, 0.0, 0.0, 0.0, 0.0, 0.0, 0.0, 0.0, 0.0, 0.0, 0.0, 0.0, 0.0, 0.0], "OptimizerConv": [9.30413760553452e-06, 9.888874506467225e-06, 8.52580583986016e-06, 8.3206044780569e-06, 9.933514834665201e-06, 6.563258248081433e-06, 9.124293975690548e-06, 9.041504241657662e-06, 9.965551503949363e-06, 9.013022640328946e-06, 8.324161498381041e-06, 0.0, 0.0, 0.0, 0.0, 0.0, 0.0, 0.0, 0.0, 0.0, 0.0, 0.0, 0.0, 0.0, 0.0, 0.0, 0.0, 0.0, 0.0, 0.0], "nIterations": 12}, "FinalQuadCompare": [[-0.2637892134552686, -0.1448876581072227, 0.08820708587315451], [-0.1448876581072227, 0.17751544897477345, 0.04730836539860306], [0.08820708587315451, 0.04730836539860306, 0.08627376448049517]], "FinalQuadTotal": [[-1.0902350454736478, -1.0056456615032374, -0.0060845462441925235], [-1.0056456615032374, 0.27672305784724927, 0.022169160980475056], [-0.0060845462441925235, 0.022169160980475056, 0.8135119876263559]], "FinalQuadLocal": [[-0.8264458320183792, -0.8607580033960147, -0.09429163211734704], [-0.8607580033960147, 0.09920760887247582, -0.025139204418128003], [-0.09429163211734704, -0.025139204418128003, 0.7272382231458607]], "FinalValueCostV4": -0.5437720604978287}, {"MolNameIdx": "2856_OC6H12", "SweepDict": {"PenaltyVals": [0.0, 0.017241379310344827, 0.034482758620689655, 0.05172413793103448, 0.06896551724137931, 0.08620689655172414, 0.10344827586206896, 0.12068965517241378, 0.13793103448275862, 0.15517241379310345, 0.1724137931034483, 0.1896551724137931, 0.20689655172413793, 0.22413793103448276, 0.24137931034482757, 0.25862068965517243, 0.27586206896551724, 0.29310344827586204, 0.3103448275862069, 0.3275862068965517, 0.3448275862068966, 0.3620689655172414, 0.3793103448275862, 0.39655172413793105, 0.41379310344827586, 0.43103448275862066, 0.4482758620689655, 0.46551724137931033, 0.48275862068965514, 0.5], "RootMeanDisplacement": [0.0013882438136353906, 0.00039167038133867087, 0.0005093352976484436, 0.0013947399613925885, 0.0006541042547335265, 0.001420213872431678, 0.0009463547725314822, 0.000674815328901813, 0.0007284489690401535, 0.0, 0.0, 0.0, 0.0, 0.0, 0.0, 0.0, 0.0, 0.0, 0.0, 0.0, 0.0, 0.0, 0.0, 0.0, 0.0, 0.0, 0.0, 0.0, 0.0, 0.0], "QuadDifference": [[[0.12731146948189576, -0.08452357730531901, 0.15740028175622456], [-0.08452357730531901, 0.008798192515840242, 0.09687136545487718], [0.15740028175622456, 0.09687136545487718, -0.13610966199769337]], [[0.1245637888519866, -0.08460486295695091, 0.15870223119166837], [-0.08460486295695091, 0.009686879977550689, 0.09650949496190364], [0.15870223119166837, 0.09650949496190364, -0.13425066882945202]], [[0.12377568679605133, -0.0850464638374433, 0.15924403556823563], [-0.0850464638374433, 0.010202441873332191, 0.09555460271781513], [0.15924403556823563, 0.09555460271781513, -0.13397812866931247]], [[0.1285820498729322, -0.0839174073573048, 0.15673520703529675], [-0.0839174073573048, 0.00855204478352789, 0.09872040340049182], [0.15673520703529675, 0.09872040340049182, -0.13713409465644588]], [[0.1263036907779167, -0.08354800642584337, 0.15762466186436086], [-0.08354800642584337, 0.00986541119537776, 0.09804513705911333], [0.15762466186436086, 0.09804513705911333, -0.13616910197330867]], [[0.12402820099100609, -0.08358027766745124, 0.15822256594816508], [-0.08358027766745124, 0.010829812017362883, 0.09800595843771376], [0.15822256594816508, 0.09800595843771376, -0.13485801300835476]], [[0.12615681654941113, -0.08342622262401278, 0.15743355470044662], [-0.08342622262401278, 0.010570852270305409, 0.09839842761314443], [0.15743355470044662, 0.09839842761314443, -0.13672766881963128]], [[0.12702489427312003, -0.08313749066439868, 0.1566565297315634], [-0.08313749066439868, 0.01039434689978691, 0.09958631810295415], [0.1566565297315634, 0.09958631810295415, -0.13741924117282167]], [[0.12841911467927503, -0.08382998904890826, 0.15606832832285988], [-0.08382998904890826, 0.010031704111867157, 0.09920948740266411], [0.15606832832285988, 0.09920948740266411, -0.13845081879119903]], [[0.0, 0.0, 0.0], [0.0, 0.0, 0.0], [0.0, 0.0, 0.0]], [[0.0, 0.0, 0.0], [0.0, 0.0, 0.0], [0.0, 0.0, 0.0]], [[0.0, 0.0, 0.0], [0.0, 0.0, 0.0], [0.0, 0.0, 0.0]], [[0.0, 0.0, 0.0], [0.0, 0.0, 0.0], [0.0, 0.0, 0.0]], [[0.0, 0.0, 0.0], [0.0, 0.0, 0.0], [0.0, 0.0, 0.0]], [[0.0, 0.0, 0.0], [0.0, 0.0, 0.0], [0.0, 0.0, 0.0]], [[0.0, 0.0, 0.0], [0.0, 0.0, 0.0], [0.0, 0.0, 0.0]], [[0.0, 0.0, 0.0], [0.0, 0.0, 0.0], [0.0, 0.0, 0.0]], [[0.0, 0.0, 0.0], [0.0, 0.0, 0.0], [0.0, 0.0, 0.0]], [[0.0, 0.0, 0.0], [0.0, 0.0, 0.0], [0.0, 0.0, 0.0]], [[0.0, 0.0, 0.0], [0.0, 0.0, 0.0], [0.0, 0.0, 0.0]], [[0.0, 0.0, 0.0], [0.0, 0.0, 0.0], [0.0, 0.0, 0.0]], [[0.0, 0.0, 0.0], [0.0, 0.0, 0.0], [0.0, 0.0, 0.0]], [[0.0, 0.0, 0.0], [0.0, 0.0, 0.0], [0.0, 0.0, 0.0]], [[0.0, 0.0, 0.0], [0.0, 0.0, 0.0], [0.0, 0.0, 0.0]], [[0.0, 0.0, 0.0], [0.0, 0.0, 0.0], [0.0, 0.0, 0.0]], [[0.0, 0.0, 0.0], [0.0, 0.0, 0.0], [0.0, 0.0, 0.0]], [[0.0, 0.0, 0.0], [0.0, 0.0, 0.0], [0.0, 0.0, 0.0]], [[0.0, 0.0, 0.0], [0.0, 0.0, 0.0], [0.0, 0.0, 0.0]], [[0.0, 0.0, 0.0], [0.0, 0.0, 0.0], [0.0, 0.0, 0.0]], [[0.0, 0.0, 0.0], [0.0, 0.0, 0.0], [0.0, 0.0, 0.0]]], "QuadTotal": [[[-0.8606740821838912, -0.21675937251445987, 1.2340951754147085], [-0.21675937251445987, 0.9054142026187151, 0.09632712081818795], [1.2340951754147085, 0.09632712081818795, -0.044740120434852315]], [[-0.8579264015538115, -0.21667808686270007, 1.23279322597908], [-0.21667808686270007, 0.9045255151569194, 0.09668899131111175], [1.23279322597908, 0.09668899131111175, -0.04659911360312208]], [[-0.857138299498331, -0.21623648598243506, 1.2322514216028821], [-0.21623648598243506, 0.9040099532614505, 0.09764388355529974], [1.2322514216028821, 0.09764388355529974, -0.046871653763133736]], [[-0.8619446625743308, -0.2173655424621188, 1.2347602501351673], [-0.2173655424621188, 0.9056603503506864, 0.09447808287244186], [1.2347602501351673, 0.09447808287244186, -0.043715687776369805]], [[-0.8596663034796279, -0.2177349433938076, 1.2338707953063448], [-0.2177349433938076, 0.9043469839389928, 0.09515334921390206], [1.2338707953063448, 0.09515334921390206, -0.044680680459336486]], [[-0.8573908136926889, -0.21770267215219974, 1.2332728912225122], [-0.21770267215219974, 0.9033825831170077, 0.0951925278353265], [1.2332728912225122, 0.0951925278353265, -0.04599176942430461]], [[-0.8595194292513497, -0.21785672719568083, 1.2340619024704296], [-0.21785672719568083, 0.9036415428642783, 0.09480005865990293], [1.2340619024704296, 0.09480005865990293, -0.04412211361295704]], [[-0.8603875069748028, -0.21814545915522388, 1.2348389274390996], [-0.21814545915522388, 0.9038180482346121, 0.09361216817003992], [1.2348389274390996, 0.09361216817003992, -0.043430541259823485]], [[-0.8617817273806168, -0.21745296077048692, 1.235427128847462], [-0.21745296077048692, 0.9041806910222903, 0.09398899887026602], [1.235427128847462, 0.09398899887026602, -0.04239896364160245]], [[0.0, 0.0, 0.0], [0.0, 0.0, 0.0], [0.0, 0.0, 0.0]], [[0.0, 0.0, 0.0], [0.0, 0.0, 0.0], [0.0, 0.0, 0.0]], [[0.0, 0.0, 0.0], [0.0, 0.0, 0.0], [0.0, 0.0, 0.0]], [[0.0, 0.0, 0.0], [0.0, 0.0, 0.0], [0.0, 0.0, 0.0]], [[0.0, 0.0, 0.0], [0.0, 0.0, 0.0], [0.0, 0.0, 0.0]], [[0.0, 0.0, 0.0], [0.0, 0.0, 0.0], [0.0, 0.0, 0.0]], [[0.0, 0.0, 0.0], [0.0, 0.0, 0.0], [0.0, 0.0, 0.0]], [[0.0, 0.0, 0.0], [0.0, 0.0, 0.0], [0.0, 0.0, 0.0]], [[0.0, 0.0, 0.0], [0.0, 0.0, 0.0], [0.0, 0.0, 0.0]], [[0.0, 0.0, 0.0], [0.0, 0.0, 0.0], [0.0, 0.0, 0.0]], [[0.0, 0.0, 0.0], [0.0, 0.0, 0.0], [0.0, 0.0, 0.0]], [[0.0, 0.0, 0.0], [0.0, 0.0, 0.0], [0.0, 0.0, 0.0]], [[0.0, 0.0, 0.0], [0.0, 0.0, 0.0], [0.0, 0.0, 0.0]], [[0.0, 0.0, 0.0], [0.0, 0.0, 0.0], [0.0, 0.0, 0.0]], [[0.0, 0.0, 0.0], [0.0, 0.0, 0.0], [0.0, 0.0, 0.0]], [[0.0, 0.0, 0.0], [0.0, 0.0, 0.0], [0.0, 0.0, 0.0]], [[0.0, 0.0, 0.0], [0.0, 0.0, 0.0], [0.0, 0.0, 0.0]], [[0.0, 0.0, 0.0], [0.0, 0.0, 0.0], [0.0, 0.0, 0.0]], [[0.0, 0.0, 0.0], [0.0, 0.0, 0.0], [0.0, 0.0, 0.0]], [[0.0, 0.0, 0.0], [0.0, 0.0, 0.0], [0.0, 0.0, 0.0]], [[0.0, 0.0, 0.0], [0.0, 0.0, 0.0], [0.0, 0.0, 0.0]]], "QuadLocal": [[[-0.7333626127019954, -0.3012829498197789, 1.391495457170933], [-0.3012829498197789, 0.9142123951345553, 0.19319848627306513], [1.391495457170933, 0.19319848627306513, -0.18084978243254568]], [[-0.7333626127018249, -0.301282949819651, 1.3914954571707483], [-0.301282949819651, 0.9142123951344701, 0.1931984862730154], [1.3914954571707483, 0.1931984862730154, -0.1808497824325741]], [[-0.7333626127022796, -0.30128294981987835, 1.3914954571711178], [-0.30128294981987835, 0.9142123951347827, 0.19319848627311487], [1.3914954571711178, 0.19319848627311487, -0.1808497824324462]], [[-0.7333626127013986, -0.3012829498194236, 1.391495457170464], [-0.3012829498194236, 0.9142123951342143, 0.19319848627293368], [1.391495457170464, 0.19319848627293368, -0.1808497824328157]], [[-0.7333626127017112, -0.301282949819651, 1.3914954571707057], [-0.301282949819651, 0.9142123951343706, 0.1931984862730154], [1.3914954571707057, 0.1931984862730154, -0.18084978243264516]], [[-0.7333626127016828, -0.301282949819651, 1.3914954571706772], [-0.301282949819651, 0.9142123951343706, 0.19319848627304026], [1.3914954571706772, 0.19319848627304026, -0.18084978243265937]], [[-0.7333626127019386, -0.3012829498196936, 1.3914954571708762], [-0.3012829498196936, 0.9142123951345837, 0.19319848627304737], [1.3914954571708762, 0.19319848627304737, -0.1808497824325883]], [[-0.7333626127016828, -0.30128294981962256, 1.391495457170663], [-0.30128294981962256, 0.914212395134399, 0.19319848627299407], [1.391495457170663, 0.19319848627299407, -0.18084978243264516]], [[-0.7333626127013417, -0.3012829498193952, 1.391495457170322], [-0.3012829498193952, 0.9142123951341574, 0.19319848627293013], [1.391495457170322, 0.19319848627293013, -0.18084978243280148]], [[0.0, 0.0, 0.0], [0.0, 0.0, 0.0], [0.0, 0.0, 0.0]], [[0.0, 0.0, 0.0], [0.0, 0.0, 0.0], [0.0, 0.0, 0.0]], [[0.0, 0.0, 0.0], [0.0, 0.0, 0.0], [0.0, 0.0, 0.0]], [[0.0, 0.0, 0.0], [0.0, 0.0, 0.0], [0.0, 0.0, 0.0]], [[0.0, 0.0, 0.0], [0.0, 0.0, 0.0], [0.0, 0.0, 0.0]], [[0.0, 0.0, 0.0], [0.0, 0.0, 0.0], [0.0, 0.0, 0.0]], [[0.0, 0.0, 0.0], [0.0, 0.0, 0.0], [0.0, 0.0, 0.0]], [[0.0, 0.0, 0.0], [0.0, 0.0, 0.0], [0.0, 0.0, 0.0]], [[0.0, 0.0, 0.0], [0.0, 0.0, 0.0], [0.0, 0.0, 0.0]], [[0.0, 0.0, 0.0], [0.0, 0.0, 0.0], [0.0, 0.0, 0.0]], [[0.0, 0.0, 0.0], [0.0, 0.0, 0.0], [0.0, 0.0, 0.0]], [[0.0, 0.0, 0.0], [0.0, 0.0, 0.0], [0.0, 0.0, 0.0]], [[0.0, 0.0, 0.0], [0.0, 0.0, 0.0], [0.0, 0.0, 0.0]], [[0.0, 0.0, 0.0], [0.0, 0.0, 0.0], [0.0, 0.0, 0.0]], [[0.0, 0.0, 0.0], [0.0, 0.0, 0.0], [0.0, 0.0, 0.0]], [[0.0, 0.0, 0.0], [0.0, 0.0, 0.0], [0.0, 0.0, 0.0]], [[0.0, 0.0, 0.0], [0.0, 0.0, 0.0], [0.0, 0.0, 0.0]], [[0.0, 0.0, 0.0], [0.0, 0.0, 0.0], [0.0, 0.0, 0.0]], [[0.0, 0.0, 0.0], [0.0, 0.0, 0.0], [0.0, 0.0, 0.0]], [[0.0, 0.0, 0.0], [0.0, 0.0, 0.0], [0.0, 0.0, 0.0]], [[0.0, 0.0, 0.0], [0.0, 0.0, 0.0], [0.0, 0.0, 0.0]]], "V4CostVals": [-0.37434258579797147, -0.3728517971020638, -0.37243414901513905, -0.3765807801409212, -0.3745068652161962, -0.3728111255560561, -0.37484953061719023, -0.37577965217334225, -0.3768854650475472, 0.0, 0.0, 0.0, 0.0, 0.0, 0.0, 0.0, 0.0, 0.0, 0.0, 0.0, 0.0, 0.0, 0.0, 0.0, 0.0, 0.0, 0.0, 0.0, 0.0, 0.0], "OptimizerConv": [9.300045213009454e-06, 8.537463317418544e-06, 8.963656921490496e-06, 9.617158241557944e-06, 9.999387447510653e-06, 9.194285371663761e-06, 9.686521252580816e-06, 7.377212672060896e-06, 8.435707033554567e-06, 0.0, 0.0, 0.0, 0.0, 0.0, 0.0, 0.0, 0.0, 0.0, 0.0, 0.0, 0.0, 0.0, 0.0, 0.0, 0.0, 0.0, 0.0, 0.0, 0.0, 0.0], "nIterations": 10}, "FinalQuadCompare": [[0.12841911467927503, -0.08382998904890826, 0.15606832832285988], [-0.08382998904890826, 0.010031704111867157, 0.09920948740266411], [0.15606832832285988, 0.09920948740266411, -0.13845081879119903]], "FinalQuadTotal": [[-0.7333626127013417, -0.3012829498193952, 1.391495457170322], [-0.3012829498193952, 0.9142123951341574, 0.19319848627293013], [1.391495457170322, 0.19319848627293013, -0.18084978243280148]], "FinalQuadLocal": [[-0.8617817273806168, -0.21745296077048692, 1.235427128847462], [-0.21745296077048692, 0.9041806910222903, 0.09398899887026602], [1.235427128847462, 0.09398899887026602, -0.04239896364160245]], "FinalValueCostV4": -0.3768854650475472}, {"MolNameIdx": "2891_O2C5H6", "SweepDict": {"PenaltyVals": [0.0, 0.017241379310344827, 0.034482758620689655, 0.05172413793103448, 0.06896551724137931, 0.08620689655172414, 0.10344827586206896, 0.12068965517241378, 0.13793103448275862, 0.15517241379310345, 0.1724137931034483, 0.1896551724137931, 0.20689655172413793, 0.22413793103448276, 0.24137931034482757, 0.25862068965517243, 0.27586206896551724, 0.29310344827586204, 0.3103448275862069, 0.3275862068965517, 0.3448275862068966, 0.3620689655172414, 0.3793103448275862, 0.39655172413793105, 0.41379310344827586, 0.43103448275862066, 0.4482758620689655, 0.46551724137931033, 0.48275862068965514, 0.5], "RootMeanDisplacement": [0.003750486051128291, 0.001832720427496348, 0.0023950226855391195, 0.002089550747803354, 0.008189511056620842, 0.007594412882318026, 0.0042953985482168085, 0.008907730217795569, 0.005575561088724722, 0.003075732376050643, 0.0012063074342349408, 0.005437069370146358, 0.0, 0.0, 0.0, 0.0, 0.0, 0.0, 0.0, 0.0, 0.0, 0.0, 0.0, 0.0, 0.0, 0.0, 0.0, 0.0, 0.0, 0.0], "QuadDifference": [[[-0.7394706266469058, -0.06732910923309987, -0.20010362882502086], [-0.06732910923309987, 0.38843729159645335, 0.027991867228410072], [-0.20010362882502086, 0.027991867228410072, 0.3510333350504027]], [[-0.740482678829963, -0.06641609405507154, -0.20005142654309793], [-0.06641609405507154, 0.386305422454285, 0.027192563670602965], [-0.20005142654309793, 0.027192563670602965, 0.3541772563757064]], [[-0.7407401802183102, -0.0664517257379913, -0.20007745882533534], [-0.0664517257379913, 0.387240522728014, 0.027036286339392035], [-0.20007745882533534, 0.027036286339392035, 0.35349965749033174]], [[-0.7389620649483248, -0.06522507668992716, -0.20171902671999398], [-0.06522507668992716, 0.3832882383723444, 0.02353387431799092], [-0.20171902671999398, 0.02353387431799092, 0.35567382657598046]], [[-0.7445028901127131, -0.06694373200704717, -0.1957729249211866], [-0.06694373200704717, 0.39436297476262894, 0.030208852094570915], [-0.1957729249211866, 0.030208852094570915, 0.350139915350141]], [[-0.7418646900475068, -0.06351832749471953, -0.20180787995923488], [-0.06351832749471953, 0.38517860945257354, 0.025036029425507422], [-0.20180787995923488, 0.025036029425507422, 0.35668608059494034]], [[-0.7437766195883029, -0.06714738301063505, -0.19831910915520368], [-0.06714738301063505, 0.3878197868952853, 0.02782899214707868], [-0.19831910915520368, 0.02782899214707868, 0.3559568326929963]], [[-0.7402789210957792, -0.06345087714242936, -0.20368946637765006], [-0.06345087714242936, 0.37913345327517334, 0.019786009613504518], [-0.20368946637765006, 0.019786009613504518, 0.36114546782062007]], [[-0.7448445463978857, -0.06701449303642448, -0.1973663639076495], [-0.06701449303642448, 0.3895537743040265, 0.027118396285262136], [-0.1973663639076495, 0.027118396285262136, 0.3552907720939231]], [[-0.7457839377408249, -0.06668926366508288, -0.19786950947555226], [-0.06668926366508288, 0.3883828293002267, 0.02814836098061768], [-0.19786950947555226, 0.02814836098061768, 0.35740110844061235]], [[-0.7452912744417262, -0.06718003832955333, -0.19886922509394722], [-0.06718003832955333, 0.38648225497426125, 0.025608142866911265], [-0.19886922509394722, 0.025608142866911265, 0.3588090194674578]], [[-0.7474088925603581, -0.06731387756700258, -0.19755064137450873], [-0.06731387756700258, 0.3902080832860193, 0.02813623543251431], [-0.19755064137450873, 0.02813623543251431, 0.35720080927437436]], [[0.0, 0.0, 0.0], [0.0, 0.0, 0.0], [0.0, 0.0, 0.0]], [[0.0, 0.0, 0.0], [0.0, 0.0, 0.0], [0.0, 0.0, 0.0]], [[0.0, 0.0, 0.0], [0.0, 0.0, 0.0], [0.0, 0.0, 0.0]], [[0.0, 0.0, 0.0], [0.0, 0.0, 0.0], [0.0, 0.0, 0.0]], [[0.0, 0.0, 0.0], [0.0, 0.0, 0.0], [0.0, 0.0, 0.0]], [[0.0, 0.0, 0.0], [0.0, 0.0, 0.0], [0.0, 0.0, 0.0]], [[0.0, 0.0, 0.0], [0.0, 0.0, 0.0], [0.0, 0.0, 0.0]], [[0.0, 0.0, 0.0], [0.0, 0.0, 0.0], [0.0, 0.0, 0.0]], [[0.0, 0.0, 0.0], [0.0, 0.0, 0.0], [0.0, 0.0, 0.0]], [[0.0, 0.0, 0.0], [0.0, 0.0, 0.0], [0.0, 0.0, 0.0]], [[0.0, 0.0, 0.0], [0.0, 0.0, 0.0], [0.0, 0.0, 0.0]], [[0.0, 0.0, 0.0], [0.0, 0.0, 0.0], [0.0, 0.0, 0.0]], [[0.0, 0.0, 0.0], [0.0, 0.0, 0.0], [0.0, 0.0, 0.0]], [[0.0, 0.0, 0.0], [0.0, 0.0, 0.0], [0.0, 0.0, 0.0]], [[0.0, 0.0, 0.0], [0.0, 0.0, 0.0], [0.0, 0.0, 0.0]], [[0.0, 0.0, 0.0], [0.0, 0.0, 0.0], [0.0, 0.0, 0.0]], [[0.0, 0.0, 0.0], [0.0, 0.0, 0.0], [0.0, 0.0, 0.0]], [[0.0, 0.0, 0.0], [0.0, 0.0, 0.0], [0.0, 0.0, 0.0]]], "QuadTotal": [[[-0.298798274725641, -1.8995461858268072, 0.0018919259132150756], [-1.8995461858268072, -0.46580278185153645, -0.04231603547333229], [0.0018919259132150756, -0.04231603547333229, 0.7646010565772201]], [[-0.2977862225422996, -1.9004592010046366, 0.001839723631292145], [-1.9004592010046366, -0.46367091270944627, -0.04151673191554295], [0.001839723631292145, -0.04151673191554295, 0.7614571352517743]], [[-0.29752872115366813, -1.900423569321518, 0.0018657559134958035], [-1.900423569321518, -0.46460601298328896, -0.04136045458436577], [0.0018657559134958035, -0.04136045458436577, 0.76213473413695]], [[-0.2993068364238809, -1.90165021836971, 0.0035073238081722025], [-1.90165021836971, -0.46065372862752696, -0.03785804256297709], [0.0035073238081722025, -0.03785804256297709, 0.759960565051415]], [[-0.2937660112596632, -1.8999315630526183, -0.0024387779907062423], [-1.8999315630526183, -0.4717284650176907, -0.04453302033959616], [-0.0024387779907062423, -0.04453302033959616, 0.7654944762773539]], [[-0.29640421132467054, -1.9033569675648607, 0.0035961770473491583], [-1.9033569675648607, -0.4625440997077561, -0.03936019767052912], [0.0035961770473491583, -0.03936019767052912, 0.7589483110324267]], [[-0.294492281783846, -1.899727912049002, 0.00010740624333571702], [-1.899727912049002, -0.465185277150475, -0.04215316039209682], [0.00010740624333571702, -0.04215316039209682, 0.7596775589343849]], [[-0.29798998027631285, -1.903424417917222, 0.005477763465759011], [-1.903424417917222, -0.45649894353041276, -0.03411017785849069], [0.005477763465759011, -0.03411017785849069, 0.7544889238067469]], [[-0.29342435497403585, -1.8998608020231558, -0.0008453390042078013], [-1.8998608020231558, -0.4669192645593654, -0.041442564530228765], [-0.0008453390042078013, -0.041442564530228765, 0.7603436195333586]], [[-0.2924849636311819, -1.900186031394611, -0.0003421934362926038], [-1.900186031394611, -0.4657483195555514, -0.04247252922552747], [-0.0003421934362926038, -0.04247252922552747, 0.7582332831867546]], [[-0.29297762693070695, -1.8996952567302827, 0.0006575221821059074], [-1.8996952567302827, -0.4638477452293799, -0.039932311111872565], [0.0006575221821059074, -0.039932311111872565, 0.7568253721601081]], [[-0.2908600088121318, -1.8995614174928477, -0.0006610615373396911], [-1.8995614174928477, -0.4675735735410882, -0.042460403677498704], [-0.0006610615373396911, -0.042460403677498704, 0.7584335823532342]], [[0.0, 0.0, 0.0], [0.0, 0.0, 0.0], [0.0, 0.0, 0.0]], [[0.0, 0.0, 0.0], [0.0, 0.0, 0.0], [0.0, 0.0, 0.0]], [[0.0, 0.0, 0.0], [0.0, 0.0, 0.0], [0.0, 0.0, 0.0]], [[0.0, 0.0, 0.0], [0.0, 0.0, 0.0], [0.0, 0.0, 0.0]], [[0.0, 0.0, 0.0], [0.0, 0.0, 0.0], [0.0, 0.0, 0.0]], [[0.0, 0.0, 0.0], [0.0, 0.0, 0.0], [0.0, 0.0, 0.0]], [[0.0, 0.0, 0.0], [0.0, 0.0, 0.0], [0.0, 0.0, 0.0]], [[0.0, 0.0, 0.0], [0.0, 0.0, 0.0], [0.0, 0.0, 0.0]], [[0.0, 0.0, 0.0], [0.0, 0.0, 0.0], [0.0, 0.0, 0.0]], [[0.0, 0.0, 0.0], [0.0, 0.0, 0.0], [0.0, 0.0, 0.0]], [[0.0, 0.0, 0.0], [0.0, 0.0, 0.0], [0.0, 0.0, 0.0]], [[0.0, 0.0, 0.0], [0.0, 0.0, 0.0], [0.0, 0.0, 0.0]], [[0.0, 0.0, 0.0], [0.0, 0.0, 0.0], [0.0, 0.0, 0.0]], [[0.0, 0.0, 0.0], [0.0, 0.0, 0.0], [0.0, 0.0, 0.0]], [[0.0, 0.0, 0.0], [0.0, 0.0, 0.0], [0.0, 0.0, 0.0]], [[0.0, 0.0, 0.0], [0.0, 0.0, 0.0], [0.0, 0.0, 0.0]], [[0.0, 0.0, 0.0], [0.0, 0.0, 0.0], [0.0, 0.0, 0.0]], [[0.0, 0.0, 0.0], [0.0, 0.0, 0.0], [0.0, 0.0, 0.0]]], "QuadLocal": [[[-1.0382689013725468, -1.966875295059907, -0.1982117029118058], [-1.966875295059907, -0.0773654902550831, -0.01432416824492222], [-0.1982117029118058, -0.01432416824492222, 1.1156343916276228]], [[-1.0382689013722626, -1.9668752950597082, -0.1982117029118058], [-1.9668752950597082, -0.07736549025516126, -0.014324168244939983], [-0.1982117029118058, -0.014324168244939983, 1.1156343916274807]], [[-1.0382689013719784, -1.9668752950595092, -0.19821170291183954], [-1.9668752950595092, -0.07736549025527495, -0.014324168244973734], [-0.19821170291183954, -0.014324168244973734, 1.1156343916272817]], [[-1.0382689013722057, -1.966875295059637, -0.19821170291182177], [-1.966875295059637, -0.07736549025518258, -0.014324168244986168], [-0.19821170291182177, -0.014324168244986168, 1.1156343916273954]], [[-1.0382689013723763, -1.9668752950596655, -0.19821170291189283], [-1.9668752950596655, -0.07736549025506179, -0.014324168245025248], [-0.19821170291189283, -0.014324168245025248, 1.115634391627495]], [[-1.0382689013721773, -1.9668752950595803, -0.19821170291188572], [-1.9668752950595803, -0.07736549025518258, -0.014324168245021696], [-0.19821170291188572, -0.014324168245021696, 1.115634391627367]], [[-1.038268901372149, -1.966875295059637, -0.19821170291186796], [-1.966875295059637, -0.07736549025518968, -0.014324168245018143], [-0.19821170291186796, -0.014324168245018143, 1.1156343916273812]], [[-1.038268901372092, -1.9668752950596513, -0.19821170291189105], [-1.9668752950596513, -0.07736549025523942, -0.014324168244986168], [-0.19821170291189105, -0.014324168244986168, 1.115634391627367]], [[-1.0382689013719215, -1.9668752950595803, -0.1982117029118573], [-1.9668752950595803, -0.0773654902553389, -0.014324168244966629], [-0.1982117029118573, -0.014324168244966629, 1.1156343916272817]], [[-1.0382689013720068, -1.966875295059694, -0.19821170291184487], [-1.966875295059694, -0.07736549025532469, -0.014324168244909785], [-0.19821170291184487, -0.014324168244909785, 1.115634391627367]], [[-1.038268901372433, -1.966875295059836, -0.19821170291184131], [-1.966875295059836, -0.07736549025511863, -0.0143241682449613], [-0.19821170291184131, -0.0143241682449613, 1.115634391627566]], [[-1.03826890137249, -1.9668752950598503, -0.19821170291184842], [-1.9668752950598503, -0.07736549025506889, -0.014324168244984392], [-0.19821170291184842, -0.014324168244984392, 1.1156343916276086]], [[0.0, 0.0, 0.0], [0.0, 0.0, 0.0], [0.0, 0.0, 0.0]], [[0.0, 0.0, 0.0], [0.0, 0.0, 0.0], [0.0, 0.0, 0.0]], [[0.0, 0.0, 0.0], [0.0, 0.0, 0.0], [0.0, 0.0, 0.0]], [[0.0, 0.0, 0.0], [0.0, 0.0, 0.0], [0.0, 0.0, 0.0]], [[0.0, 0.0, 0.0], [0.0, 0.0, 0.0], [0.0, 0.0, 0.0]], [[0.0, 0.0, 0.0], [0.0, 0.0, 0.0], [0.0, 0.0, 0.0]], [[0.0, 0.0, 0.0], [0.0, 0.0, 0.0], [0.0, 0.0, 0.0]], [[0.0, 0.0, 0.0], [0.0, 0.0, 0.0], [0.0, 0.0, 0.0]], [[0.0, 0.0, 0.0], [0.0, 0.0, 0.0], [0.0, 0.0, 0.0]], [[0.0, 0.0, 0.0], [0.0, 0.0, 0.0], [0.0, 0.0, 0.0]], [[0.0, 0.0, 0.0], [0.0, 0.0, 0.0], [0.0, 0.0, 0.0]], [[0.0, 0.0, 0.0], [0.0, 0.0, 0.0], [0.0, 0.0, 0.0]], [[0.0, 0.0, 0.0], [0.0, 0.0, 0.0], [0.0, 0.0, 0.0]], [[0.0, 0.0, 0.0], [0.0, 0.0, 0.0], [0.0, 0.0, 0.0]], [[0.0, 0.0, 0.0], [0.0, 0.0, 0.0], [0.0, 0.0, 0.0]], [[0.0, 0.0, 0.0], [0.0, 0.0, 0.0], [0.0, 0.0, 0.0]], [[0.0, 0.0, 0.0], [0.0, 0.0, 0.0], [0.0, 0.0, 0.0]], [[0.0, 0.0, 0.0], [0.0, 0.0, 0.0], [0.0, 0.0, 0.0]]], "V4CostVals": [-2.906426975947464, -2.911811872195547, -2.9138477793530977, -2.9027126370784853, -2.932587624607191, -2.922639140984386, -2.931611030404585, -2.9139309688297113, -2.9367000358089608, -2.9444088649722557, -2.9426637423756397, -2.9559442211921767, 0.0, 0.0, 0.0, 0.0, 0.0, 0.0, 0.0, 0.0, 0.0, 0.0, 0.0, 0.0, 0.0, 0.0, 0.0, 0.0, 0.0, 0.0], "OptimizerConv": [9.23805784883642e-06, 9.442557475394442e-06, 8.255358224116887e-06, 9.454207238725509e-06, 9.746371915336855e-06, 9.952846982525626e-06, 9.469776059659734e-06, 9.507283542493898e-06, 9.868170349017193e-06, 9.936119593320088e-06, 9.39033757633234e-06, 8.441939366672392e-06, 0.0, 0.0, 0.0, 0.0, 0.0, 0.0, 0.0, 0.0, 0.0, 0.0, 0.0, 0.0, 0.0, 0.0, 0.0, 0.0, 0.0, 0.0], "nIterations": 13}, "FinalQuadCompare": [[-0.7474088925603581, -0.06731387756700258, -0.19755064137450873], [-0.06731387756700258, 0.3902080832860193, 0.02813623543251431], [-0.19755064137450873, 0.02813623543251431, 0.35720080927437436]], "FinalQuadTotal": [[-1.03826890137249, -1.9668752950598503, -0.19821170291184842], [-1.9668752950598503, -0.07736549025506889, -0.014324168244984392], [-0.19821170291184842, -0.014324168244984392, 1.1156343916276086]], "FinalQuadLocal": [[-0.2908600088121318, -1.8995614174928477, -0.0006610615373396911], [-1.8995614174928477, -0.4675735735410882, -0.042460403677498704], [-0.0006610615373396911, -0.042460403677498704, 0.7584335823532342]], "FinalValueCostV4": -2.9559442211921767}, {"MolNameIdx": "2892_O2C5H8", "SweepDict": {"PenaltyVals": [0.0, 0.017241379310344827, 0.034482758620689655, 0.05172413793103448, 0.06896551724137931, 0.08620689655172414, 0.10344827586206896, 0.12068965517241378, 0.13793103448275862, 0.15517241379310345, 0.1724137931034483, 0.1896551724137931, 0.20689655172413793, 0.22413793103448276, 0.24137931034482757, 0.25862068965517243, 0.27586206896551724, 0.29310344827586204, 0.3103448275862069, 0.3275862068965517, 0.3448275862068966, 0.3620689655172414, 0.3793103448275862, 0.39655172413793105, 0.41379310344827586, 0.43103448275862066, 0.4482758620689655, 0.46551724137931033, 0.48275862068965514, 0.5], "RootMeanDisplacement": [0.0013623197942916675, 0.003922965167022536, 0.0020464144694807597, 0.00500718565882134, 0.0057340874460918975, 0.0013909943085659475, 0.003071871068366524, 0.0017762812534101073, 0.003231372129833727, 0.0019094005325847228, 0.0, 0.0, 0.0, 0.0, 0.0, 0.0, 0.0, 0.0, 0.0, 0.0, 0.0, 0.0, 0.0, 0.0, 0.0, 0.0, 0.0, 0.0, 0.0, 0.0], "QuadDifference": [[[-0.44103932195211826, -0.32975426717216294, 0.021246663902424245], [-0.32975426717216294, 0.09410596990370834, 0.03504594743927214], [0.021246663902424245, 0.03504594743927214, 0.3469333520483673]], [[-0.4420656949350956, -0.328054219328763, 0.021141611626408263], [-0.328054219328763, 0.09675810753466862, 0.03481493888092757], [0.021141611626408263, 0.03481493888092757, 0.3453075874004128]], [[-0.44184391606880524, -0.3278008808705266, 0.023013935644172534], [-0.3278008808705266, 0.0927825981671333, 0.03694618305933517], [0.023013935644172534, 0.03694618305933517, 0.3490613179016293]], [[-0.43991617596985577, -0.3296366563322408, 0.02127158266380036], [-0.3296366563322408, 0.08646823212907861, 0.04043054445067895], [0.02127158266380036, 0.04043054445067895, 0.3534479438408482]], [[-0.4408763534519977, -0.3296310705129315, 0.021734821154730355], [-0.3296310705129315, 0.08585674691475731, 0.0432079794281357], [0.021734821154730355, 0.0432079794281357, 0.3550196065372404]], [[-0.4393301346002545, -0.3272802764794278, 0.020517745625387107], [-0.3272802764794278, 0.09383565047428988, 0.03565334731324654], [0.020517745625387107, 0.03565334731324654, 0.3454944841259504]], [[-0.4392014224657004, -0.32927027006633125, 0.02214700081533394], [-0.32927027006633125, 0.08795903614539213, 0.040156895520969016], [0.02214700081533394, 0.040156895520969016, 0.35124238632032245]], [[-0.43888698143234706, -0.32850215758224977, 0.020711771624633002], [-0.32850215758224977, 0.08982951082457191, 0.03875650859238888], [0.020711771624633002, 0.03875650859238888, 0.34905747060776093]], [[-0.4402975682067307, -0.3263819311870009, 0.02203638636397187], [-0.3263819311870009, 0.09261894968167894, 0.03807198671101375], [0.02203638636397187, 0.03807198671101375, 0.347678618525066]], [[-0.4400091758446365, -0.3277310999784362, 0.022444968152186107], [-0.3277310999784362, 0.09009606942242954, 0.03963965079096354], [0.022444968152186107, 0.03963965079096354, 0.34991310642217854]], [[0.0, 0.0, 0.0], [0.0, 0.0, 0.0], [0.0, 0.0, 0.0]], [[0.0, 0.0, 0.0], [0.0, 0.0, 0.0], [0.0, 0.0, 0.0]], [[0.0, 0.0, 0.0], [0.0, 0.0, 0.0], [0.0, 0.0, 0.0]], [[0.0, 0.0, 0.0], [0.0, 0.0, 0.0], [0.0, 0.0, 0.0]], [[0.0, 0.0, 0.0], [0.0, 0.0, 0.0], [0.0, 0.0, 0.0]], [[0.0, 0.0, 0.0], [0.0, 0.0, 0.0], [0.0, 0.0, 0.0]], [[0.0, 0.0, 0.0], [0.0, 0.0, 0.0], [0.0, 0.0, 0.0]], [[0.0, 0.0, 0.0], [0.0, 0.0, 0.0], [0.0, 0.0, 0.0]], [[0.0, 0.0, 0.0], [0.0, 0.0, 0.0], [0.0, 0.0, 0.0]], [[0.0, 0.0, 0.0], [0.0, 0.0, 0.0], [0.0, 0.0, 0.0]], [[0.0, 0.0, 0.0], [0.0, 0.0, 0.0], [0.0, 0.0, 0.0]], [[0.0, 0.0, 0.0], [0.0, 0.0, 0.0], [0.0, 0.0, 0.0]], [[0.0, 0.0, 0.0], [0.0, 0.0, 0.0], [0.0, 0.0, 0.0]], [[0.0, 0.0, 0.0], [0.0, 0.0, 0.0], [0.0, 0.0, 0.0]], [[0.0, 0.0, 0.0], [0.0, 0.0, 0.0], [0.0, 0.0, 0.0]], [[0.0, 0.0, 0.0], [0.0, 0.0, 0.0], [0.0, 0.0, 0.0]], [[0.0, 0.0, 0.0], [0.0, 0.0, 0.0], [0.0, 0.0, 0.0]], [[0.0, 0.0, 0.0], [0.0, 0.0, 0.0], [0.0, 0.0, 0.0]], [[0.0, 0.0, 0.0], [0.0, 0.0, 0.0], [0.0, 0.0, 0.0]], [[0.0, 0.0, 0.0], [0.0, 0.0, 0.0], [0.0, 0.0, 0.0]]], "QuadTotal": [[[0.366839070287682