[{"BasisSet": "aug-cc-pvtz", "LevelOfTheory": "scf", "Scheme": "V2", "StartIndex": 350, "StopIndex": 500, "Cores": 1, "Memory": 6.0}, {"MolNameIdx": "5093_NC6H11", "SweepDict": {"PenaltyVals": [0.0, 0.017241379310344827, 0.034482758620689655, 0.05172413793103448, 0.06896551724137931, 0.08620689655172414, 0.10344827586206896, 0.12068965517241378, 0.13793103448275862, 0.15517241379310345, 0.1724137931034483, 0.1896551724137931, 0.20689655172413793, 0.22413793103448276, 0.24137931034482757, 0.25862068965517243, 0.27586206896551724, 0.29310344827586204, 0.3103448275862069, 0.3275862068965517, 0.3448275862068966, 0.3620689655172414, 0.3793103448275862, 0.39655172413793105, 0.41379310344827586, 0.43103448275862066, 0.4482758620689655, 0.46551724137931033, 0.48275862068965514, 0.5], "RootMeanDisplacement": [0.0001122362615631229, 0.00024356655871355957, 0.0003756480525431348, 0.0005718841557543641, 0.000620302264333816, 0.0007999011948792962, 0.0008142855670863261, 0.0009944596964698107, 0.0011610459368209408, 0.0012698394259863428, 0.0014040881138458825, 0.00147988912870493, 0.0016475895621834036, 0.0017057168820902111, 0.0018187461732689604, 0.0019276745152073391, 0.001984285488771545, 0.0, 0.0, 0.0, 0.0, 0.0, 0.0, 0.0, 0.0, 0.0, 0.0, 0.0, 0.0, 0.0], "QuadDifference": [[[-0.03845483607643274, -0.16104242175255834, 0.07589624792879412], [-0.16104242175255834, 0.12419408514781338, -0.05042010054921153], [0.07589624792879412, -0.05042010054921153, -0.08573924907133801]], [[-0.03789057232111048, -0.1589088537343777, 0.07498824141159144], [-0.1589088537343777, 0.12373910035201874, -0.0496620861249335], [0.07498824141159144, -0.0496620861249335, -0.08584852803087628]], [[-0.03682690689191759, -0.15806840124903232, 0.07436810432714047], [-0.15806840124903232, 0.12228985045982199, -0.04978812245298414], [0.07436810432714047, -0.04978812245298414, -0.08546294356792572]], [[-0.035871656155990195, -0.15650461369203583, 0.07197729410186504], [-0.15650461369203583, 0.1212133480536437, -0.0497401156353261], [0.07197729410186504, -0.0497401156353261, -0.0853416918976535]], [[-0.03437554288488087, -0.15563819648204458, 0.07152875130647285], [-0.15563819648204458, 0.11996820525030927, -0.04911431491398943], [0.07152875130647285, -0.04911431491398943, -0.08559266236544616]], [[-0.03358073675733664, -0.15372023248640687, 0.07116100690690352], [-0.15372023248640687, 0.11939681361395316, -0.04851902325383506], [0.07116100690690352, -0.04851902325383506, -0.08581607685658099]], [[-0.033623399288465805, -0.15344215480495293, 0.0701764703616119], [-0.15344215480495293, 0.12017206830271476, -0.04870015034539321], [0.0701764703616119, -0.04870015034539321, -0.08654866901422764]], [[-0.0321757025917222, -0.15177481902941992, 0.06957983172596816], [-0.15177481902941992, 0.1182259720180312, -0.048380637944882565], [0.06957983172596816, -0.048380637944882565, -0.08605026942628768]], [[-0.03161537646604984, -0.150620359813594, 0.06862211951379482], [-0.150620359813594, 0.11715152707253651, -0.04836699921152654], [0.06862211951379482, -0.04836699921152654, -0.08553615060649378]], [[-0.030595801945004553, -0.1496159117060536, 0.06736447396514933], [-0.1496159117060536, 0.11640665477371925, -0.048220899780201165], [0.06736447396514933, -0.048220899780201165, -0.08581085282872891]], [[-0.029627029917605796, -0.1489698630401115, 0.06682366627884573], [-0.1489698630401115, 0.11543497536385416, -0.047978964762371845], [0.06682366627884573, -0.047978964762371845, -0.08580794544624126]], [[-0.029165281837180146, -0.1478088721191888, 0.0661968710831422], [-0.1478088721191888, 0.11513448094098067, -0.04761925678496581], [0.0661968710831422, -0.04761925678496581, -0.08596919910380052]], [[-0.028552006018834675, -0.14676943960383326, 0.06564302676628664], [-0.14676943960383326, 0.11380749387874545, -0.04720397019490452], [0.06564302676628664, -0.04720397019490452, -0.08525548785991077]], [[-0.02775693302655924, -0.14589586282978217, 0.06508738878356102], [-0.14589586282978217, 0.11403906025476118, -0.04731831611654069], [0.06508738878356102, -0.04731831611654069, -0.08628212722823747]], [[-0.026804493236952, -0.1449328607255964, 0.06435875810272051], [-0.1449328607255964, 0.11313804105071767, -0.04709861277022753], [0.06435875810272051, -0.04709861277022753, -0.08633354781373725]], [[-0.02664685356837282, -0.14403535461010009, 0.06374500695752872], [-0.14403535461010009, 0.11275713832095136, -0.04690109854666602], [0.06374500695752872, -0.04690109854666602, -0.08611028475258564]], [[-0.02585672065362843, -0.14329823605400804, 0.06377527535990257], [-0.14329823605400804, 0.11192478106602977, -0.04655646029608196], [0.06377527535990257, -0.04655646029608196, -0.08606806041239423]], [[0.0, 0.0, 0.0], [0.0, 0.0, 0.0], [0.0, 0.0, 0.0]], [[0.0, 0.0, 0.0], [0.0, 0.0, 0.0], [0.0, 0.0, 0.0]], [[0.0, 0.0, 0.0], [0.0, 0.0, 0.0], [0.0, 0.0, 0.0]], [[0.0, 0.0, 0.0], [0.0, 0.0, 0.0], [0.0, 0.0, 0.0]], [[0.0, 0.0, 0.0], [0.0, 0.0, 0.0], [0.0, 0.0, 0.0]], [[0.0, 0.0, 0.0], [0.0, 0.0, 0.0], [0.0, 0.0, 0.0]], [[0.0, 0.0, 0.0], [0.0, 0.0, 0.0], [0.0, 0.0, 0.0]], [[0.0, 0.0, 0.0], [0.0, 0.0, 0.0], [0.0, 0.0, 0.0]], [[0.0, 0.0, 0.0], [0.0, 0.0, 0.0], [0.0, 0.0, 0.0]], [[0.0, 0.0, 0.0], [0.0, 0.0, 0.0], [0.0, 0.0, 0.0]], [[0.0, 0.0, 0.0], [0.0, 0.0, 0.0], [0.0, 0.0, 0.0]], [[0.0, 0.0, 0.0], [0.0, 0.0, 0.0], [0.0, 0.0, 0.0]], [[0.0, 0.0, 0.0], [0.0, 0.0, 0.0], [0.0, 0.0, 0.0]]], "QuadTotal": [[[0.39862862539816035, 0.2643510102370641, 0.1498417333718205], [0.2643510102370641, -1.0214957404781444, -0.4633074946628142], [0.1498417333718205, -0.4633074946628142, 0.622867115079984]], [[0.39806436164279546, 0.26221744221892607, 0.15074973988903295], [0.26221744221892607, -1.021040755682364, -0.46406550908711086], [0.15074973988903295, -0.46406550908711086, 0.6229763940395721]], [[0.3970006962136168, 0.26137698973357715, 0.15136987697348214], [0.26137698973357715, -1.0195915057901956, -0.4639394727590256], [0.15136987697348214, -0.4639394727590256, 0.6225908095766002]], [[0.3960454454777178, 0.2598132021765842, 0.15376068719874958], [0.2598132021765842, -1.0185150033840173, -0.4639874795766774], [0.15376068719874958, -0.4639874795766774, 0.6224695579063209]], [[0.3945493322066227, 0.25894678496656454, 0.1542092299941098], [0.25894678496656454, -1.0172698605806545, -0.46461328029803095], [0.1542092299941098, -0.46461328029803095, 0.6227205283740496]], [[0.39375452607905004, 0.2570288209709197, 0.1545769743937324], [0.2570288209709197, -1.0166984689443126, -0.4652085719581809], [0.1545769743937324, -0.4652085719581809, 0.6229439428652555]], [[0.39379718861026447, 0.25675074328943026, 0.15556151093899562], [0.25675074328943026, -1.0174737236330742, -0.4650274448666156], [0.15556151093899562, -0.4650274448666156, 0.6236765350228026]], [[0.3923494919134498, 0.2550834075139825, 0.1561581495746367], [0.2550834075139825, -1.0155276273484475, -0.46534695726714137], [0.1561581495746367, -0.46534695726714137, 0.6231781354349977]], [[0.391789165787749, 0.25392894829815305, 0.15711586178681625], [0.25392894829815305, -1.0144531824028817, -0.46536059600050805], [0.15711586178681625, -0.46536059600050805, 0.6226640166151469]], [[0.3907695912667748, 0.25292450019055224, 0.15837350733545463], [0.25292450019055224, -1.0137083101040645, -0.46550669543178813], [0.15837350733545463, -0.46550669543178813, 0.622938718837311]], [[0.38980081923927656, 0.2522784515246954, 0.15891431502175646], [0.2522784515246954, -1.0127366306941994, -0.4657486304496423], [0.15891431502175646, -0.4657486304496423, 0.622935811454937]], [[0.3893390711589646, 0.25111746060369455, 0.15954111021741557], [0.25111746060369455, -1.0124361362713543, -0.466108338427059], [0.15954111021741557, -0.466108338427059, 0.6230970651123968]], [[0.3887257953405623, 0.25007802808834967, 0.16009495453431644], [0.25007802808834967, -1.0111091492091049, -0.4665236250170981], [0.16009495453431644, -0.4665236250170981, 0.6223833538685284]], [[0.3879307223482442, 0.2492044513143412, 0.1606505925170234], [0.2492044513143412, -1.0113407155851064, -0.4664092790954495], [0.1606505925170234, -0.4664092790954495, 0.6234099932368835]], [[0.38697828255872224, 0.2482414492100915, 0.16137922319790032], [0.2482414492100915, -1.0104396963810913, -0.46662898244175643], [0.16137922319790032, -0.46662898244175643, 0.6234614138223691]], [[0.38682064289010043, 0.24734394309461294, 0.16199297434305393], [0.24734394309461294, -1.0100587936512824, -0.4668264966653499], [0.16199297434305393, -0.4668264966653499, 0.6232381507611819]], [[0.38603050997535604, 0.2466068245385138, 0.16196270594072093], [0.2466068245385138, -1.0092264363963892, -0.467171134915902], [0.16196270594072093, -0.467171134915902, 0.6231959264210261]], [[0.0, 0.0, 0.0], [0.0, 0.0, 0.0], [0.0, 0.0, 0.0]], [[0.0, 0.0, 0.0], [0.0, 0.0, 0.0], [0.0, 0.0, 0.0]], [[0.0, 0.0, 0.0], [0.0, 0.0, 0.0], [0.0, 0.0, 0.0]], [[0.0, 0.0, 0.0], [0.0, 0.0, 0.0], [0.0, 0.0, 0.0]], [[0.0, 0.0, 0.0], [0.0, 0.0, 0.0], [0.0, 0.0, 0.0]], [[0.0, 0.0, 0.0], [0.0, 0.0, 0.0], [0.0, 0.0, 0.0]], [[0.0, 0.0, 0.0], [0.0, 0.0, 0.0], [0.0, 0.0, 0.0]], [[0.0, 0.0, 0.0], [0.0, 0.0, 0.0], [0.0, 0.0, 0.0]], [[0.0, 0.0, 0.0], [0.0, 0.0, 0.0], [0.0, 0.0, 0.0]], [[0.0, 0.0, 0.0], [0.0, 0.0, 0.0], [0.0, 0.0, 0.0]], [[0.0, 0.0, 0.0], [0.0, 0.0, 0.0], [0.0, 0.0, 0.0]], [[0.0, 0.0, 0.0], [0.0, 0.0, 0.0], [0.0, 0.0, 0.0]], [[0.0, 0.0, 0.0], [0.0, 0.0, 0.0], [0.0, 0.0, 0.0]]], "QuadLocal": [[[0.3601737893217276, 0.10330858848450575, 0.22573798130061462], [0.10330858848450575, -0.897301655330331, -0.5137275952120257], [0.22573798130061462, -0.5137275952120257, 0.537127866008646]], [[0.360173789321685, 0.10330858848454838, 0.2257379813006244], [0.10330858848454838, -0.8973016553303452, -0.5137275952120444], [0.2257379813006244, -0.5137275952120444, 0.5371278660086958]], [[0.3601737893216992, 0.10330858848454483, 0.22573798130062261], [0.10330858848454483, -0.8973016553303736, -0.5137275952120097], [0.22573798130062261, -0.5137275952120097, 0.5371278660086745]], [[0.3601737893217276, 0.10330858848454838, 0.22573798130061462], [0.10330858848454838, -0.8973016553303736, -0.5137275952120035], [0.22573798130061462, -0.5137275952120035, 0.5371278660086674]], [[0.3601737893217418, 0.10330858848451996, 0.22573798130058265], [0.10330858848451996, -0.8973016553303452, -0.5137275952120204], [0.22573798130058265, -0.5137275952120204, 0.5371278660086034]], [[0.3601737893217134, 0.10330858848451285, 0.22573798130063594], [0.10330858848451285, -0.8973016553303594, -0.5137275952120159], [0.22573798130063594, -0.5137275952120159, 0.5371278660086745]], [[0.36017378932179867, 0.10330858848447733, 0.22573798130060752], [0.10330858848447733, -0.8973016553303594, -0.5137275952120088], [0.22573798130060752, -0.5137275952120088, 0.537127866008575]], [[0.3601737893217276, 0.10330858848456259, 0.22573798130060485], [0.10330858848456259, -0.8973016553304163, -0.5137275952120239], [0.22573798130060485, -0.5137275952120239, 0.53712786600871]], [[0.3601737893216992, 0.10330858848455904, 0.22573798130061107], [0.10330858848455904, -0.8973016553303452, -0.5137275952120346], [0.22573798130061107, -0.5137275952120346, 0.5371278660086531]], [[0.36017378932177024, 0.10330858848449864, 0.22573798130060396], [0.10330858848449864, -0.8973016553303452, -0.5137275952119893], [0.22573798130060396, -0.5137275952119893, 0.5371278660085821]], [[0.36017378932167077, 0.10330858848458391, 0.2257379813006022], [0.10330858848458391, -0.8973016553303452, -0.5137275952120142], [0.2257379813006022, -0.5137275952120142, 0.5371278660086958]], [[0.36017378932178445, 0.10330858848450575, 0.22573798130055778], [0.10330858848450575, -0.8973016553303736, -0.5137275952120248], [0.22573798130055778, -0.5137275952120248, 0.5371278660085963]], [[0.3601737893217276, 0.1033085884845164, 0.22573798130060307], [0.1033085884845164, -0.8973016553303594, -0.5137275952120026], [0.22573798130060307, -0.5137275952120026, 0.5371278660086176]], [[0.360173789321685, 0.10330858848455904, 0.22573798130058442], [0.10330858848455904, -0.8973016553303452, -0.5137275952119902], [0.22573798130058442, -0.5137275952119902, 0.537127866008646]], [[0.36017378932177024, 0.10330858848449509, 0.22573798130062084], [0.10330858848449509, -0.8973016553303736, -0.513727595211984], [0.22573798130062084, -0.513727595211984, 0.5371278660086318]], [[0.3601737893217276, 0.10330858848451285, 0.22573798130058265], [0.10330858848451285, -0.897301655330331, -0.5137275952120159], [0.22573798130058265, -0.5137275952120159, 0.5371278660085963]], [[0.3601737893217276, 0.10330858848450575, 0.2257379813006235], [0.10330858848450575, -0.8973016553303594, -0.513727595211984], [0.2257379813006235, -0.513727595211984, 0.5371278660086318]], [[0.0, 0.0, 0.0], [0.0, 0.0, 0.0], [0.0, 0.0, 0.0]], [[0.0, 0.0, 0.0], [0.0, 0.0, 0.0], [0.0, 0.0, 0.0]], [[0.0, 0.0, 0.0], [0.0, 0.0, 0.0], [0.0, 0.0, 0.0]], [[0.0, 0.0, 0.0], [0.0, 0.0, 0.0], [0.0, 0.0, 0.0]], [[0.0, 0.0, 0.0], [0.0, 0.0, 0.0], [0.0, 0.0, 0.0]], [[0.0, 0.0, 0.0], [0.0, 0.0, 0.0], [0.0, 0.0, 0.0]], [[0.0, 0.0, 0.0], [0.0, 0.0, 0.0], [0.0, 0.0, 0.0]], [[0.0, 0.0, 0.0], [0.0, 0.0, 0.0], [0.0, 0.0, 0.0]], [[0.0, 0.0, 0.0], [0.0, 0.0, 0.0], [0.0, 0.0, 0.0]], [[0.0, 0.0, 0.0], [0.0, 0.0, 0.0], [0.0, 0.0, 0.0]], [[0.0, 0.0, 0.0], [0.0, 0.0, 0.0], [0.0, 0.0, 0.0]], [[0.0, 0.0, 0.0], [0.0, 0.0, 0.0], [0.0, 0.0, 0.0]], [[0.0, 0.0, 0.0], [0.0, 0.0, 0.0], [0.0, 0.0, 0.0]]], "V4CostVals": [-0.29562964121742963, -0.2894824714415901, -0.285672438731118, -0.27915124664124225, -0.27546622203855586, -0.27049162303301283, -0.27017584322349303, -0.26414445282612337, -0.25986464862185926, -0.2561544898689309, -0.2534075782503605, -0.2502405723534107, -0.24610050890835444, -0.24466300466984478, -0.2413535925714858, -0.2386562715456469, -0.23637336026681452, 0.0, 0.0, 0.0, 0.0, 0.0, 0.0, 0.0, 0.0, 0.0, 0.0, 0.0, 0.0, 0.0], "OptimizerConv": [7.683185081351116e-06, 8.20625006030506e-06, 9.775931679696776e-06, 8.681818137921644e-06, 5.868286798598815e-06, 9.354309158619954e-06, 8.291091703734429e-06, 9.276074391466202e-06, 8.042979220239701e-06, 9.088316608292425e-06, 9.358653559844999e-06, 8.142631346145056e-06, 8.02379064283134e-06, 9.636108562197035e-06, 9.286867770487033e-06, 7.459454011610575e-06, 9.407297385743367e-06, 0.0, 0.0, 0.0, 0.0, 0.0, 0.0, 0.0, 0.0, 0.0, 0.0, 0.0, 0.0, 0.0], "nIterations": 18}, "FinalQuadCompare": [[-0.02585672065362843, -0.14329823605400804, 0.06377527535990257], [-0.14329823605400804, 0.11192478106602977, -0.04655646029608196], [0.06377527535990257, -0.04655646029608196, -0.08606806041239423]], "FinalQuadTotal": [[0.3601737893217276, 0.10330858848450575, 0.2257379813006235], [0.10330858848450575, -0.8973016553303594, -0.513727595211984], [0.2257379813006235, -0.513727595211984, 0.5371278660086318]], "FinalQuadLocal": [[0.38603050997535604, 0.2466068245385138, 0.16196270594072093], [0.2466068245385138, -1.0092264363963892, -0.467171134915902], [0.16196270594072093, -0.467171134915902, 0.6231959264210261]], "FinalValueCostV4": -0.23637336026681452}, {"MolNameIdx": "5118_ON2C4H10", "SweepDict": {"PenaltyVals": [0.0, 0.017241379310344827, 0.034482758620689655, 0.05172413793103448, 0.06896551724137931, 0.08620689655172414, 0.10344827586206896, 0.12068965517241378, 0.13793103448275862, 0.15517241379310345, 0.1724137931034483, 0.1896551724137931, 0.20689655172413793, 0.22413793103448276, 0.24137931034482757, 0.25862068965517243, 0.27586206896551724, 0.29310344827586204, 0.3103448275862069, 0.3275862068965517, 0.3448275862068966, 0.3620689655172414, 0.3793103448275862, 0.39655172413793105, 0.41379310344827586, 0.43103448275862066, 0.4482758620689655, 0.46551724137931033, 0.48275862068965514, 0.5], "RootMeanDisplacement": [0.0012048980011699973, 0.0012522396056155309, 0.0008720922793488122, 0.0008444127434774581, 0.0016018062640977921, 0.0008083197053218693, 0.0008878624693985484, 0.0018884070380063634, 0.001036878141699902, 0.0013969620835630901, 0.001781271037243956, 0.0011360176854394082, 0.0, 0.0, 0.0, 0.0, 0.0, 0.0, 0.0, 0.0, 0.0, 0.0, 0.0, 0.0, 0.0, 0.0, 0.0, 0.0, 0.0, 0.0], "QuadDifference": [[[-0.23300940912236, -0.12858721264441186, -0.0104196973154691], [-0.12858721264441186, -0.012996469507513098, -0.000921528949186623], [-0.0104196973154691, -0.000921528949186623, 0.24600587862990153]], [[-0.2330085559947861, -0.12829218120961272, -0.009740851941662854], [-0.12829218120961272, -0.012428528081272816, -0.00017336869065509575], [-0.009740851941662854, -0.00017336869065509575, 0.24543708407611575]], [[-0.2310780270363466, -0.13018424399167117, -0.01175465772322859], [-0.13018424399167117, -0.015160536219383403, -0.0032776542847479107], [-0.01175465772322859, -0.0032776542847479107, 0.24623856325568738]], [[-0.2312764071673996, -0.12998854298192342, -0.01126440209631685], [-0.12998854298192342, -0.013023681801527687, -0.0008690666821937754], [-0.01126440209631685, -0.0008690666821937754, 0.24430008896889888]], [[-0.2296772380129113, -0.12878614304220903, -0.010072425574910504], [-0.12878614304220903, -0.012945853800275131, -0.001711910460553412], [-0.010072425574910504, -0.001711910460553412, 0.24262309181324326]], [[-0.23026745838252793, -0.13085429349719035, -0.00979871503435259], [-0.13085429349719035, -0.014397339199305748, -0.0006471211665193266], [-0.00979871503435259, -0.0006471211665193266, 0.2446647975818621]], [[-0.23012566729346418, -0.1309539143950147, -0.008843048608999204], [-0.1309539143950147, -0.013857327741177983, -0.000307608917076152], [-0.008843048608999204, -0.000307608917076152, 0.2439829950346848]], [[-0.22975911387905512, -0.1316008254072294, -0.009522803368233745], [-0.1316008254072294, -0.013083390788480642, 0.0026852705101525487], [-0.009522803368233745, 0.0026852705101525487, 0.24284250466753576]], [[-0.22925476413752222, -0.13154196979995803, -0.00904826834371164], [-0.13154196979995803, -0.014740268154525893, -0.0004747716772008914], [-0.00904826834371164, -0.0004747716772008914, 0.24399503229207653]], [[-0.22818604448414703, -0.13101402738719514, -0.008246766332439925], [-0.13101402738719514, -0.013684377497980904, -0.0006901531987306697], [-0.008246766332439925, -0.0006901531987306697, 0.24187042198211373]], [[-0.22744494003629256, -0.13335336765811334, -0.00981270597979833], [-0.13335336765811334, -0.01686255737310205, -0.001372384834313678], [-0.00981270597979833, -0.001372384834313678, 0.24430749740942304]], [[-0.22799273316483948, -0.1319125582670715, -0.009574312088845183], [-0.1319125582670715, -0.014658284876119865, -0.0005155294814578326], [-0.009574312088845183, -0.0005155294814578326, 0.24265101804095934]], [[0.0, 0.0, 0.0], [0.0, 0.0, 0.0], [0.0, 0.0, 0.0]], [[0.0, 0.0, 0.0], [0.0, 0.0, 0.0], [0.0, 0.0, 0.0]], [[0.0, 0.0, 0.0], [0.0, 0.0, 0.0], [0.0, 0.0, 0.0]], [[0.0, 0.0, 0.0], [0.0, 0.0, 0.0], [0.0, 0.0, 0.0]], [[0.0, 0.0, 0.0], [0.0, 0.0, 0.0], [0.0, 0.0, 0.0]], [[0.0, 0.0, 0.0], [0.0, 0.0, 0.0], [0.0, 0.0, 0.0]], [[0.0, 0.0, 0.0], [0.0, 0.0, 0.0], [0.0, 0.0, 0.0]], [[0.0, 0.0, 0.0], [0.0, 0.0, 0.0], [0.0, 0.0, 0.0]], [[0.0, 0.0, 0.0], [0.0, 0.0, 0.0], [0.0, 0.0, 0.0]], [[0.0, 0.0, 0.0], [0.0, 0.0, 0.0], [0.0, 0.0, 0.0]], [[0.0, 0.0, 0.0], [0.0, 0.0, 0.0], [0.0, 0.0, 0.0]], [[0.0, 0.0, 0.0], [0.0, 0.0, 0.0], [0.0, 0.0, 0.0]], [[0.0, 0.0, 0.0], [0.0, 0.0, 0.0], [0.0, 0.0, 0.0]], [[0.0, 0.0, 0.0], [0.0, 0.0, 0.0], [0.0, 0.0, 0.0]], [[0.0, 0.0, 0.0], [0.0, 0.0, 0.0], [0.0, 0.0, 0.0]], [[0.0, 0.0, 0.0], [0.0, 0.0, 0.0], [0.0, 0.0, 0.0]], [[0.0, 0.0, 0.0], [0.0, 0.0, 0.0], [0.0, 0.0, 0.0]], [[0.0, 0.0, 0.0], [0.0, 0.0, 0.0], [0.0, 0.0, 0.0]]], "QuadTotal": [[[0.953321758584579, -0.7572218026859048, 0.1643644267292652], [-0.7572218026859048, -1.1138387586601368, 0.15869965390130503], [0.1643644267292652, 0.15869965390130503, 0.1605170000755436]], [[0.9533209054570335, -0.7575168341206684, 0.16368558135546696], [-0.7575168341206684, -1.1144067000863913, 0.15795149364276462], [0.16368558135546696, 0.15795149364276462, 0.16108579462931516]], [[0.951390376498594, -0.7556247713385744, 0.1656993871370167], [-0.7556247713385744, -1.1116746919482523, 0.1610557792368592], [0.1656993871370167, 0.1610557792368592, 0.16028431544964405]], [[0.9515887566297323, -0.7558204723484181, 0.1652091315101094], [-0.7558204723484181, -1.113811546366378, 0.15864719163433882], [0.1652091315101094, 0.15864719163433882, 0.1622227897366315]], [[0.9499895874751729, -0.7570228722881396, 0.16401715498870129], [-0.7570228722881396, -1.113889374367517, 0.1594900354126736], [0.16401715498870129, 0.1594900354126736, 0.16389978689228712]], [[0.9505798078447469, -0.7549547218331512, 0.16374344444814337], [-0.7549547218331512, -1.1124378889684436, 0.1584252461186484], [0.16374344444814337, 0.1584252461186484, 0.16185808112366828]], [[0.9504380167555553, -0.754855100935373, 0.16278777802279532], [-0.754855100935373, -1.1129779004263582, 0.15808573386916613], [0.16278777802279532, 0.15808573386916613, 0.16253988367074612]], [[0.950071463341331, -0.7542081899230482, 0.16346753278204762], [-0.7542081899230482, -1.1137518373790982, 0.1550928544419392], [0.16346753278204762, 0.1550928544419392, 0.16368037403773883]], [[0.9495671135997412, -0.7542670455303337, 0.16299299775750775], [-0.7542670455303337, -1.112094960013124, 0.1582528966293122], [0.16299299775750775, 0.1582528966293122, 0.16252784641335438]], [[0.948498393946295, -0.7547949879429723, 0.16219149574622094], [-0.7547949879429723, -1.1131508506694416, 0.15846827815080822], [0.16219149574622094, 0.15846827815080822, 0.16465245672311823]], [[0.9477572894985968, -0.7524556476721145, 0.1637574353935909], [-0.7524556476721145, -1.1099726707945763, 0.1591505097864303], [0.1637574353935909, 0.1591505097864303, 0.16221538129596524]], [[0.9483050826270016, -0.7538964570632416, 0.16351904150264573], [-0.7538964570632416, -1.112176943291459, 0.1582936544335638], [0.16351904150264573, 0.1582936544335638, 0.16387186066442894]], [[0.0, 0.0, 0.0], [0.0, 0.0, 0.0], [0.0, 0.0, 0.0]], [[0.0, 0.0, 0.0], [0.0, 0.0, 0.0], [0.0, 0.0, 0.0]], [[0.0, 0.0, 0.0], [0.0, 0.0, 0.0], [0.0, 0.0, 0.0]], [[0.0, 0.0, 0.0], [0.0, 0.0, 0.0], [0.0, 0.0, 0.0]], [[0.0, 0.0, 0.0], [0.0, 0.0, 0.0], [0.0, 0.0, 0.0]], [[0.0, 0.0, 0.0], [0.0, 0.0, 0.0], [0.0, 0.0, 0.0]], [[0.0, 0.0, 0.0], [0.0, 0.0, 0.0], [0.0, 0.0, 0.0]], [[0.0, 0.0, 0.0], [0.0, 0.0, 0.0], [0.0, 0.0, 0.0]], [[0.0, 0.0, 0.0], [0.0, 0.0, 0.0], [0.0, 0.0, 0.0]], [[0.0, 0.0, 0.0], [0.0, 0.0, 0.0], [0.0, 0.0, 0.0]], [[0.0, 0.0, 0.0], [0.0, 0.0, 0.0], [0.0, 0.0, 0.0]], [[0.0, 0.0, 0.0], [0.0, 0.0, 0.0], [0.0, 0.0, 0.0]], [[0.0, 0.0, 0.0], [0.0, 0.0, 0.0], [0.0, 0.0, 0.0]], [[0.0, 0.0, 0.0], [0.0, 0.0, 0.0], [0.0, 0.0, 0.0]], [[0.0, 0.0, 0.0], [0.0, 0.0, 0.0], [0.0, 0.0, 0.0]], [[0.0, 0.0, 0.0], [0.0, 0.0, 0.0], [0.0, 0.0, 0.0]], [[0.0, 0.0, 0.0], [0.0, 0.0, 0.0], [0.0, 0.0, 0.0]], [[0.0, 0.0, 0.0], [0.0, 0.0, 0.0], [0.0, 0.0, 0.0]]], "QuadLocal": [[[0.720312349462219, -0.8858090153303166, 0.1539447294137961], [-0.8858090153303166, -1.12683522816765, 0.1577781249521184], [0.1539447294137961, 0.1577781249521184, 0.4065228787054451]], [[0.7203123494622474, -0.8858090153302811, 0.1539447294138041], [-0.8858090153302811, -1.1268352281676641, 0.15777812495210952], [0.1539447294138041, 0.15777812495210952, 0.4065228787054309]], [[0.7203123494622474, -0.8858090153302456, 0.15394472941378812], [-0.8858090153302456, -1.1268352281676357, 0.1577781249521113], [0.15394472941378812, 0.1577781249521113, 0.40652287870533144]], [[0.7203123494623327, -0.8858090153303415, 0.15394472941379256], [-0.8858090153303415, -1.1268352281679057, 0.15777812495214505], [0.15394472941379256, 0.15777812495214505, 0.4065228787055304]], [[0.7203123494622616, -0.8858090153303486, 0.15394472941379078], [-0.8858090153303486, -1.126835228167792, 0.15777812495212018], [0.15394472941379078, 0.15777812495212018, 0.4065228787055304]], [[0.720312349462219, -0.8858090153303415, 0.15394472941379078], [-0.8858090153303415, -1.1268352281677494, 0.15777812495212906], [0.15394472941379078, 0.15777812495212906, 0.4065228787055304]], [[0.7203123494620911, -0.8858090153303877, 0.1539447294137961], [-0.8858090153303877, -1.1268352281675362, 0.15777812495208998], [0.1539447294137961, 0.15777812495208998, 0.4065228787054309]], [[0.7203123494622758, -0.8858090153302776, 0.15394472941381387], [-0.8858090153302776, -1.1268352281675789, 0.15777812495209176], [0.15394472941381387, 0.15777812495209176, 0.4065228787052746]], [[0.720312349462219, -0.8858090153302918, 0.1539447294137961], [-0.8858090153302918, -1.12683522816765, 0.1577781249521113], [0.1539447294137961, 0.1577781249521113, 0.4065228787054309]], [[0.720312349462148, -0.8858090153301674, 0.153944729413781], [-0.8858090153301674, -1.1268352281674225, 0.15777812495207755], [0.153944729413781, 0.15777812495207755, 0.40652287870523196]], [[0.7203123494623043, -0.8858090153302278, 0.15394472941379256], [-0.8858090153302278, -1.1268352281676783, 0.15777812495211663], [0.15394472941379256, 0.15777812495211663, 0.4065228787053883]], [[0.7203123494621622, -0.8858090153303131, 0.15394472941380055], [-0.8858090153303131, -1.1268352281675789, 0.15777812495210597], [0.15394472941380055, 0.15777812495210597, 0.4065228787053883]], [[0.0, 0.0, 0.0], [0.0, 0.0, 0.0], [0.0, 0.0, 0.0]], [[0.0, 0.0, 0.0], [0.0, 0.0, 0.0], [0.0, 0.0, 0.0]], [[0.0, 0.0, 0.0], [0.0, 0.0, 0.0], [0.0, 0.0, 0.0]], [[0.0, 0.0, 0.0], [0.0, 0.0, 0.0], [0.0, 0.0, 0.0]], [[0.0, 0.0, 0.0], [0.0, 0.0, 0.0], [0.0, 0.0, 0.0]], [[0.0, 0.0, 0.0], [0.0, 0.0, 0.0], [0.0, 0.0, 0.0]], [[0.0, 0.0, 0.0], [0.0, 0.0, 0.0], [0.0, 0.0, 0.0]], [[0.0, 0.0, 0.0], [0.0, 0.0, 0.0], [0.0, 0.0, 0.0]], [[0.0, 0.0, 0.0], [0.0, 0.0, 0.0], [0.0, 0.0, 0.0]], [[0.0, 0.0, 0.0], [0.0, 0.0, 0.0], [0.0, 0.0, 0.0]], [[0.0, 0.0, 0.0], [0.0, 0.0, 0.0], [0.0, 0.0, 0.0]], [[0.0, 0.0, 0.0], [0.0, 0.0, 0.0], [0.0, 0.0, 0.0]], [[0.0, 0.0, 0.0], [0.0, 0.0, 0.0], [0.0, 0.0, 0.0]], [[0.0, 0.0, 0.0], [0.0, 0.0, 0.0], [0.0, 0.0, 0.0]], [[0.0, 0.0, 0.0], [0.0, 0.0, 0.0], [0.0, 0.0, 0.0]], [[0.0, 0.0, 0.0], [0.0, 0.0, 0.0], [0.0, 0.0, 0.0]], [[0.0, 0.0, 0.0], [0.0, 0.0, 0.0], [0.0, 0.0, 0.0]], [[0.0, 0.0, 0.0], [0.0, 0.0, 0.0], [0.0, 0.0, 0.0]]], "V4CostVals": [-0.4727014310542547, -0.4711872220882327, -0.47329016579299465, -0.4698987065212286, -0.4628065625888719, -0.47034362677031094, -0.4690753438067935, -0.46790930971018363, -0.46890757550260254, -0.4629916404830911, -0.47013473478800255, -0.4656601815658433, 0.0, 0.0, 0.0, 0.0, 0.0, 0.0, 0.0, 0.0, 0.0, 0.0, 0.0, 0.0, 0.0, 0.0, 0.0, 0.0, 0.0, 0.0], "OptimizerConv": [9.085496959254576e-06, 8.304897647961268e-06, 9.973713045062229e-06, 9.449946688351809e-06, 9.021782095516337e-06, 8.896635784509274e-06, 9.07688671361284e-06, 9.992281627363549e-06, 9.415145397292503e-06, 9.53191555516618e-06, 8.51769455723716e-06, 9.521016325418892e-06, 0.0, 0.0, 0.0, 0.0, 0.0, 0.0, 0.0, 0.0, 0.0, 0.0, 0.0, 0.0, 0.0, 0.0, 0.0, 0.0, 0.0, 0.0], "nIterations": 13}, "FinalQuadCompare": [[-0.22799273316483948, -0.1319125582670715, -0.009574312088845183], [-0.1319125582670715, -0.014658284876119865, -0.0005155294814578326], [-0.009574312088845183, -0.0005155294814578326, 0.24265101804095934]], "FinalQuadTotal": [[0.7203123494621622, -0.8858090153303131, 0.15394472941380055], [-0.8858090153303131, -1.1268352281675789, 0.15777812495210597], [0.15394472941380055, 0.15777812495210597, 0.4065228787053883]], "FinalQuadLocal": [[0.9483050826270016, -0.7538964570632416, 0.16351904150264573], [-0.7538964570632416, -1.112176943291459, 0.1582936544335638], [0.16351904150264573, 0.1582936544335638, 0.16387186066442894]], "FinalValueCostV4": -0.4656601815658433}, {"MolNameIdx": "5121_ON2C4H10", "SweepDict": {"PenaltyVals": [0.0, 0.017241379310344827, 0.034482758620689655, 0.05172413793103448, 0.06896551724137931, 0.08620689655172414, 0.10344827586206896, 0.12068965517241378, 0.13793103448275862, 0.15517241379310345, 0.1724137931034483, 0.1896551724137931, 0.20689655172413793, 0.22413793103448276, 0.24137931034482757, 0.25862068965517243, 0.27586206896551724, 0.29310344827586204, 0.3103448275862069, 0.3275862068965517, 0.3448275862068966, 0.3620689655172414, 0.3793103448275862, 0.39655172413793105, 0.41379310344827586, 0.43103448275862066, 0.4482758620689655, 0.46551724137931033, 0.48275862068965514, 0.5], "RootMeanDisplacement": [0.0010155204660778263, 0.0012375999324377033, 0.0019079622549403356, 0.001867002655812741, 0.00185967830634312, 0.001443785414380617, 0.0012805734501310174, 0.0016040928105421188, 0.002171220538015294, 0.0026896712294396156, 0.0027707943164545197, 0.0016293333936999719, 0.0028415408630796065, 0.002293305264633488, 0.0023801713339284846, 0.002607488231092267, 0.0017295579762685493, 0.0, 0.0, 0.0, 0.0, 0.0, 0.0, 0.0, 0.0, 0.0, 0.0, 0.0, 0.0, 0.0], "QuadDifference": [[[-0.010563597296851412, -0.0631616866759046, 0.22867823659381514], [-0.0631616866759046, 0.2018375780207009, 0.07797713676199969], [0.22867823659381514, 0.07797713676199969, -0.1912739807238637]], [[-0.011275700263624344, -0.06308451734413723, 0.22825300568289464], [-0.06308451734413723, 0.20387764594747182, 0.07956293747655963], [0.22825300568289464, 0.07956293747655963, -0.19260194568381905]], [[-0.010962568965425135, -0.06362811936527635, 0.22971606731211835], [-0.06362811936527635, 0.2010144195812913, 0.0759174212285032], [0.22971606731211835, 0.0759174212285032, -0.19005185061587326]], [[-0.012793587480715019, -0.06342246592610934, 0.2280395007990208], [-0.06342246592610934, 0.20605041501674748, 0.08355127386508521], [0.2280395007990208, 0.08355127386508521, -0.19325682753604667]], [[-0.011871259734945738, -0.06378123630695143, 0.22683662658135262], [-0.06378123630695143, 0.2037071925261884, 0.07445895711210859], [0.22683662658135262, 0.07445895711210859, -0.19183593279123556]], [[-0.012254327605774051, -0.06353907124675118, 0.22814426530126042], [-0.06353907124675118, 0.204140510729367, 0.07588206820897092], [0.22814426530126042, 0.07588206820897092, -0.19188618312357164]], [[-0.011621724345502571, -0.06424597633930773, 0.22714699824850726], [-0.06424597633930773, 0.20515598814307623, 0.07715326326249183], [0.22714699824850726, 0.07715326326249183, -0.1935342637976305]], [[-0.010348052371966787, -0.06495711691960082, 0.22785488249403585], [-0.06495711691960082, 0.2050925325998918, 0.08030985553955006], [0.22785488249403585, 0.08030985553955006, -0.19474448022796764]], [[-0.011802405849934416, -0.06500344824404891, 0.22803576780248136], [-0.06500344824404891, 0.20461472822444904, 0.08092519273047216], [0.22803576780248136, 0.08092519273047216, -0.19281232237450752]], [[-0.010903952372771641, -0.06555828856249235, 0.2272414856831304], [-0.06555828856249235, 0.20223854775037609, 0.07292158579557473], [0.2272414856831304, 0.07292158579557473, -0.19133459537759734]], [[-0.010346994136682497, -0.06530736381366609, 0.22707870787453288], [-0.06530736381366609, 0.2045908623225543, 0.07553433987972902], [0.22707870787453288, 0.07553433987972902, -0.1942438681858505]], [[-0.011267149406407384, -0.06600882210059211, 0.2271737531805016], [-0.06600882210059211, 0.20497527712859664, 0.07717952089118718], [0.2271737531805016, 0.07717952089118718, -0.19370812772221768]], [[-0.012645897385198168, -0.06717820294871757, 0.2261778745260159], [-0.06717820294871757, 0.20362482199530518, 0.07436565302209885], [0.2261778745260159, 0.07436565302209885, -0.19097892461014965]], [[-0.01284196501273982, -0.06626246704449557, 0.22605614328274015], [-0.06626246704449557, 0.2051974143601143, 0.0761765527356868], [0.22605614328274015, 0.0761765527356868, -0.19235544934743132]], [[-0.013032718730116244, -0.06584976087187755, 0.2260380784091609], [-0.06584976087187755, 0.2051820749651938, 0.07409550883738802], [0.2260380784091609, 0.07409550883738802, -0.19214935623506335]], [[-0.01155069042681589, -0.0655579751392068, 0.22693218300702256], [-0.0655579751392068, 0.2048298610176289, 0.0738561953019321], [0.22693218300702256, 0.0738561953019321, -0.1932791705907846]], [[-0.013142609008667705, -0.06576383896793914, 0.22572750245919337], [-0.06576383896793914, 0.20675945645714933, 0.0765202999805279], [0.22572750245919337, 0.0765202999805279, -0.19361684744849583]], [[0.0, 0.0, 0.0], [0.0, 0.0, 0.0], [0.0, 0.0, 0.0]], [[0.0, 0.0, 0.0], [0.0, 0.0, 0.0], [0.0, 0.0, 0.0]], [[0.0, 0.0, 0.0], [0.0, 0.0, 0.0], [0.0, 0.0, 0.0]], [[0.0, 0.0, 0.0], [0.0, 0.0, 0.0], [0.0, 0.0, 0.0]], [[0.0, 0.0, 0.0], [0.0, 0.0, 0.0], [0.0, 0.0, 0.0]], [[0.0, 0.0, 0.0], [0.0, 0.0, 0.0], [0.0, 0.0, 0.0]], [[0.0, 0.0, 0.0], [0.0, 0.0, 0.0], [0.0, 0.0, 0.0]], [[0.0, 0.0, 0.0], [0.0, 0.0, 0.0], [0.0, 0.0, 0.0]], [[0.0, 0.0, 0.0], [0.0, 0.0, 0.0], [0.0, 0.0, 0.0]], [[0.0, 0.0, 0.0], [0.0, 0.0, 0.0], [0.0, 0.0, 0.0]], [[0.0, 0.0, 0.0], [0.0, 0.0, 0.0], [0.0, 0.0, 0.0]], [[0.0, 0.0, 0.0], [0.0, 0.0, 0.0], [0.0, 0.0, 0.0]], [[0.0, 0.0, 0.0], [0.0, 0.0, 0.0], [0.0, 0.0, 0.0]]], "QuadTotal": [[[-0.13225667259594331, 0.30296794638807256, 1.0473910740407888], [0.30296794638807256, 1.138852096109801, 0.2521340906814924], [1.0473910740407888, 0.2521340906814924, -1.0065954235138577]], [[-0.1315445696291846, 0.30289077705624123, 1.0478163049516525], [0.30289077705624123, 1.1368120281829732, 0.2505482899669573], [1.0478163049516525, 0.2505482899669573, -1.005267458553817]], [[-0.131857700927398, 0.3034343790774159, 1.04635324332245], [0.3034343790774159, 1.1396752545491253, 0.2541938062149782], [1.04635324332245, 0.2541938062149782, -1.0078175536217344]], [[-0.13002668241203708, 0.30322872563821335, 1.0480298098356116], [0.30322872563821335, 1.1346392591138255, 0.24655995357841043], [1.0480298098356116, 0.24655995357841043, -1.0046125767018026]], [[-0.13094901015782057, 0.30358749601907675, 1.0492326840531163], [0.30358749601907675, 1.1369824816042282, 0.25565227033141724], [1.0492326840531163, 0.25565227033141724, -1.0060334714464005]], [[-0.1305659422870349, 0.3033453309588552, 1.0479250453332654], [0.3033453309588552, 1.136549163401078, 0.25422915923454603], [1.0479250453332654, 0.25422915923454603, -1.0059832211140503]], [[-0.13119854554729216, 0.30405223605144727, 1.0489223123860327], [0.30405223605144727, 1.1355336859872835, 0.2529579641810251], [1.0489223123860327, 0.2529579641810251, -1.004335140439963]], [[-0.13247221752088478, 0.3047633766317688, 1.0482144281405326], [0.3047633766317688, 1.13559714153061, 0.24980137190399176], [1.0482144281405326, 0.24980137190399176, -1.0031249240097253]], [[-0.13101786404287452, 0.3048097079560961, 1.048033542832023], [0.3048097079560961, 1.136074945906067, 0.24918603471304124], [1.048033542832023, 0.24918603471304124, -1.0050570818631854]], [[-0.1319163175200373, 0.3053645482746603, 1.0488278249515446], [0.3053645482746603, 1.1384511263801542, 0.25718964164793334], [1.0488278249515446, 0.25718964164793334, -1.006534808860124]], [[-0.13247327575611223, 0.3051136235257914, 1.0489906027600355], [0.3051136235257914, 1.1360988118078907, 0.2545768875637755], [1.0489906027600355, 0.2545768875637755, -1.0036255360517998]], [[-0.13155312048637313, 0.3058150818127743, 1.048895557454081], [0.3058150818127743, 1.1357143970018768, 0.2529317065522996], [1.048895557454081, 0.2529317065522996, -1.0041612765154895]], [[-0.13017437250759656, 0.3069844626608571, 1.0498914361086165], [0.3069844626608571, 1.1370648521351967, 0.2557455744213808], [1.0498914361086165, 0.2557455744213808, -1.0068904796276001]], [[-0.12997830488008333, 0.3060687267566422, 1.0500131673518283], [0.3060687267566422, 1.1354922597702881, 0.25393467470781417], [1.0500131673518283, 0.25393467470781417, -1.0055139548901764]], [[-0.1297875511626927, 0.3056560205840171, 1.0500312322254715], [0.3056560205840171, 1.1355075991653223, 0.2560157186061094], [1.0500312322254715, 0.2560157186061094, -1.0057200480026296]], [[-0.13126957946597884, 0.3053642348513179, 1.0491371276275245], [0.3053642348513179, 1.1358598131128446, 0.2562550321415866], [1.0491371276275245, 0.2562550321415866, -1.0045902336468657]], [[-0.12967766088415544, 0.30557009868006446, 1.0503418081753892], [0.30557009868006446, 1.1339302176733241, 0.25359092746300504], [1.0503418081753892, 0.25359092746300504, -1.0042525567891545]], [[0.0, 0.0, 0.0], [0.0, 0.0, 0.0], [0.0, 0.0, 0.0]], [[0.0, 0.0, 0.0], [0.0, 0.0, 0.0], [0.0, 0.0, 0.0]], [[0.0, 0.0, 0.0], [0.0, 0.0, 0.0], [0.0, 0.0, 0.0]], [[0.0, 0.0, 0.0], [0.0, 0.0, 0.0], [0.0, 0.0, 0.0]], [[0.0, 0.0, 0.0], [0.0, 0.0, 0.0], [0.0, 0.0, 0.0]], [[0.0, 0.0, 0.0], [0.0, 0.0, 0.0], [0.0, 0.0, 0.0]], [[0.0, 0.0, 0.0], [0.0, 0.0, 0.0], [0.0, 0.0, 0.0]], [[0.0, 0.0, 0.0], [0.0, 0.0, 0.0], [0.0, 0.0, 0.0]], [[0.0, 0.0, 0.0], [0.0, 0.0, 0.0], [0.0, 0.0, 0.0]], [[0.0, 0.0, 0.0], [0.0, 0.0, 0.0], [0.0, 0.0, 0.0]], [[0.0, 0.0, 0.0], [0.0, 0.0, 0.0], [0.0, 0.0, 0.0]], [[0.0, 0.0, 0.0], [0.0, 0.0, 0.0], [0.0, 0.0, 0.0]], [[0.0, 0.0, 0.0], [0.0, 0.0, 0.0], [0.0, 0.0, 0.0]]], "QuadLocal": [[[-0.14282026989279473, 0.23980625971216796, 1.276069310634604], [0.23980625971216796, 1.3406896741305019, 0.3301112274434921], [1.276069310634604, 0.3301112274434921, -1.1978694042377214]], [[-0.14282026989280894, 0.239806259712104, 1.276069310634547], [0.239806259712104, 1.340689674130445, 0.33011122744351695], [1.276069310634547, 0.33011122744351695, -1.197869404237636]], [[-0.14282026989282315, 0.23980625971213954, 1.2760693106345684], [0.23980625971213954, 1.3406896741304166, 0.3301112274434814], [1.2760693106345684, 0.3301112274434814, -1.1978694042376077]], [[-0.1428202698927521, 0.239806259712104, 1.2760693106346324], [0.239806259712104, 1.340689674130573, 0.33011122744349564], [1.2760693106346324, 0.33011122744349564, -1.1978694042378493]], [[-0.1428202698927663, 0.23980625971212532, 1.276069310634469], [0.23980625971212532, 1.3406896741304166, 0.33011122744352583], [1.276069310634469, 0.33011122744352583, -1.197869404237636]], [[-0.14282026989280894, 0.239806259712104, 1.2760693106345258], [0.239806259712104, 1.340689674130445, 0.33011122744351695], [1.2760693106345258, 0.33011122744351695, -1.197869404237622]], [[-0.14282026989279473, 0.23980625971213954, 1.27606931063454], [0.23980625971213954, 1.3406896741303598, 0.33011122744351695], [1.27606931063454, 0.33011122744351695, -1.1978694042375935]], [[-0.14282026989285157, 0.23980625971216796, 1.2760693106345684], [0.23980625971216796, 1.3406896741305019, 0.3301112274435418], [1.2760693106345684, 0.3301112274435418, -1.197869404237693]], [[-0.14282026989280894, 0.23980625971204717, 1.2760693106345045], [0.23980625971204717, 1.340689674130516, 0.3301112274435134], [1.2760693106345045, 0.3301112274435134, -1.197869404237693]], [[-0.14282026989280894, 0.23980625971216796, 1.276069310634675], [0.23980625971216796, 1.3406896741305303, 0.33011122744350807], [1.276069310634675, 0.33011122744350807, -1.1978694042377214]], [[-0.14282026989279473, 0.23980625971212532, 1.2760693106345684], [0.23980625971212532, 1.340689674130445, 0.3301112274435045], [1.2760693106345684, 0.3301112274435045, -1.1978694042376503]], [[-0.14282026989278052, 0.23980625971218217, 1.2760693106345826], [0.23980625971218217, 1.3406896741304735, 0.33011122744348675], [1.2760693106345826, 0.33011122744348675, -1.1978694042377072]], [[-0.14282026989279473, 0.23980625971213954, 1.2760693106346324], [0.23980625971213954, 1.3406896741305019, 0.33011122744347965], [1.2760693106346324, 0.33011122744347965, -1.1978694042377498]], [[-0.14282026989282315, 0.23980625971214664, 1.2760693106345684], [0.23980625971214664, 1.3406896741304024, 0.33011122744350097], [1.2760693106345684, 0.33011122744350097, -1.1978694042376077]], [[-0.14282026989280894, 0.23980625971213954, 1.2760693106346324], [0.23980625971213954, 1.340689674130516, 0.3301112274434974], [1.2760693106346324, 0.3301112274434974, -1.197869404237693]], [[-0.14282026989279473, 0.23980625971211111, 1.276069310634547], [0.23980625971211111, 1.3406896741304735, 0.33011122744351873], [1.276069310634547, 0.33011122744351873, -1.1978694042376503]], [[-0.14282026989282315, 0.23980625971212532, 1.2760693106345826], [0.23980625971212532, 1.3406896741304735, 0.33011122744353294