[{"BasisSet": "aug-cc-pvtz", "LevelOfTheory": "scf", "Scheme": "V4", "Penalty": 0.0, "StartIndex": 0, "StopIndex": 4, "Cores": 1, "Memory": 2.0}, {"Convergence": true, "QuadCompare": [[0.00030283230547745177, -0.0002772183160397179, -0.00037880248477506484], [-0.0002772183160397179, -0.000495213142768236, -0.00042247934399841647], [-0.00037880248477506484, -0.00042247934399841647, 0.00019238083729611333]], "QuadTotal": [[0.30289479712000755, 0.016181364145327504, -0.14584490104459213], [0.016181364145327504, 0.20413734073852297, 0.08052941985186823], [-0.14584490104459213, 0.08052941985186823, -0.507032137858527]], "QuadLocal": [[0.3025919648145301, 0.01645858246136722, -0.14546609855981707], [0.01645858246136722, 0.2046325538812912, 0.08095189919586665], [-0.14546609855981707, 0.08095189919586665, -0.5072245186958231]], "ValueCostV4": -3.735253366244123e-06, "nSteps": 11}, {"Convergence": true, "QuadCompare": [[-0.000688843481693624, -0.00010240339080080929, 0.0003161895297925099], [-0.00010240339080080929, 0.0004190486895225831, 0.00011990991221999536], [0.0003161895297925099, 0.00011990991221999536, 0.0002697947921639354]], "QuadTotal": [[0.17233710067381836, 0.11067568213751233, -0.1982875823972332], [0.11067568213751233, 0.08973153316012272, 0.28567735341746747], [-0.1982875823972332, 0.28567735341746747, -0.2620686338339375]], "QuadLocal": [[0.17302594415551198, 0.11077808552831314, -0.19860377192702572], [0.11077808552831314, 0.08931248447060014, 0.2855574435052475], [-0.19860377192702572, 0.2855574435052475, -0.26233842862610146]], "ValueCostV4": -3.100700301361539e-06, "nSteps": 13}, {"Convergence": true, "QuadCompare": [[0.0005010418810691419, 0.0007728423642667792, 0.00019289028994684543], [0.0007728423642667792, -0.0005872344010207087, -0.0006633621469820383], [0.00019289028994684543, -0.0006633621469820383, 8.619251996222488e-05]], "QuadTotal": [[-0.9483674337919759, 0.42347931148387374, 0.5511328864643055], [0.42347931148387374, 0.49814506680120374, 0.008482151519313419], [0.5511328864643055, 0.008482151519313419, 0.4502223669907863]], "QuadLocal": [[-0.948868475673045, 0.42270646911960696, 0.5509399961743586], [0.42270646911960696, 0.49873230120222445, 0.009145513666295457], [0.5509399961743586, 0.009145513666295457, 0.4501361744708241]], "ValueCostV4": -8.77499499062831e-06, "nSteps": 20}, {"Convergence": true, "QuadCompare": [[-0.0002731100633894812, 0.0004229582916552843, 9.151294193721071e-05], [0.0004229582916552843, 0.0005497053051701783, 0.00042375940076877505], [9.151294193721071e-05, 0.00042375940076877505, -0.00027659524178069717]], "QuadTotal": [[0.007927483180036887, -0.643002456844866, 0.1433273913396107], [-0.643002456844866, -0.3413711904628567, 0.4141433974969786], [0.1433273913396107, 0.4141433974969786, 0.33344370728281447]], "QuadLocal": [[0.008200593243426368, -0.6434254151365213, 0.1432358783976735], [-0.6434254151365213, -0.34192089576802687, 0.4137196380962098], [0.1432358783976735, 0.4137196380962098, 0.33372030252459517]], "ValueCostV4": -3.7841484166332742e-06, "nSteps": 12}]