[{"BasisSet": "aug-cc-pvtz", "LevelOfTheory": "scf", "Scheme": "V4", "Penalty": 0.0, "StartIndex": 0, "StopIndex": 500, "Cores": 1, "Memory": 4.0}, {"Convergence": true, "QuadCompare": [[-0.00011376065517332279, 5.879451271806335e-05, 0.0004185889058323511], [5.879451271806335e-05, -0.001203711933666085, -7.009233816890337e-05], [0.0004185889058323511, -7.009233816890337e-05, 0.0013174725888465133]], "QuadTotal": [[0.3028947973078573, 0.016181364225492323, -0.14584490103089998], [0.016181364225492323, 0.20413734072189982, 0.08052941970851824], [-0.14584490103089998, 0.08052941970851824, -0.5070321380297571]], "QuadLocal": [[0.3030085579630306, 0.01612256971277426, -0.14626348993673233], [0.01612256971277426, 0.2053410526555659, 0.08059951204668714], [-0.14626348993673233, 0.08059951204668714, -0.5083496106186036]], "ValueCostV4": -1.1364938476570785e-05, "nSteps": 12}, {"Convergence": true, "QuadCompare": [[0.00032473278780642545, -0.0005209991637480371, -0.00017691526352159315], [-0.0005209991637480371, -0.00043629025181957104, -0.0009563294374554943], [-0.00017691526352159315, -0.0009563294374554943, 0.0001115574640166983]], "QuadTotal": [[0.17233710065957553, 0.11067568213172141, -0.19828758241542666], [0.11067568213172141, 0.08973153327042027, 0.28567735341746747], [-0.19828758241542666, 0.28567735341746747, -0.2620686339299887]], "QuadLocal": [[0.1720123678717691, 0.11119668129546945, -0.19811066715190506], [0.11119668129546945, 0.09016782352223984, 0.28663368285492297], [-0.19811066715190506, 0.28663368285492297, -0.2621801913940054]], "ValueCostV4": -8.74457037310444e-06, "nSteps": 13}, {"Convergence": true, "QuadCompare": [[0.0005852612266146195, -0.0011344368153380913, 7.957079579234971e-05], [-0.0011344368153380913, 0.0005610507401065945, 0.00026394868081069944], [7.957079579234971e-05, 0.00026394868081069944, -0.0011463119667176613]], "QuadTotal": [[-0.9483674337572445, 0.4234793114806443, 0.551132886242117], [0.4234793114806443, 0.4981450669469716, 0.008482151434748175], [0.551132886242117, 0.008482151434748175, 0.4502223668102783]], "QuadLocal": [[-0.9489526949838591, 0.4246137482959824, 0.5510533154463246], [0.4246137482959824, 0.497584016206865, 0.008218202753937476], [0.5510533154463246, 0.008218202753937476, 0.45136867877699594]], "ValueCostV4": -1.4975375316956858e-05, "nSteps": 21}, {"Convergence": true, "QuadCompare": [[-0.00012684248139649412, -0.0007501786664907417, 0.0004044331815276081], [-0.0007501786664907417, -0.00012915017367731707, -0.0006361505511929266], [0.0004044331815276081, -0.0006361505511929266, 0.00025599265507914026]], "QuadTotal": [[0.00792748348190031, -0.6430024569479776, 0.14332739138557926], [-0.6430024569479776, -0.3413711907695163, 0.414143397565085], [0.14332739138557926, 0.414143397565085, 0.3334437072876213]], "QuadLocal": [[0.008054325963296805, -0.6422522782814869, 0.14292295820405165], [-0.6422522782814869, -0.34124204059583896, 0.41477954811627793], [0.14292295820405165, 0.41477954811627793, 0.33318771463254215]], "ValueCostV4": -7.525075906666184e-06, "nSteps": 13}, {"Convergence": true, "QuadCompare": [[0.0005884879314947966, -0.0004302427869049552, -0.0005120060406480498], [-0.0004302427869049552, 0.00037989451302422594, 0.000574114588517638], [-0.0005120060406480498, 0.000574114588517638, -0.0009683824445332334]], "QuadTotal": [[0.20500728016088487, 0.5737258633967173, 0.18781320049793182], [0.5737258633967173, -0.036557256848553266, -0.312627729694408], [0.18781320049793182, -0.312627729694408, -0.1684500233123174]], "QuadLocal": [[0.20441879222939008, 0.5741561061836222, 0.18832520653857987], [0.5741561061836222, -0.03693715136157749, -0.31320184428292563], [0.18832520653857987, -0.31320184428292563, -0.16748164086778417]], "ValueCostV4": -9.507424381187807e-06}, {"Convergence": true, "QuadCompare": [[-0.0009774547796865818, -0.0005632920757925319, 0.000442328148480442], [-0.0005632920757925319, -1.978043448502831e-05, 0.0006224441826603311], [0.000442328148480442, 0.0006224441826603311, 0.0009972352141573992]], "QuadTotal": [[-1.020023166463929, -1.411622136792115, -0.21841246861204677], [-1.411622136792115, 0.5356333456712079, -0.1511701471194904], [-0.21841246861204677, -0.1511701471194904, 0.48438982079269977]], "QuadLocal": [[-1.0190457116842424, -1.4110588447163224, -0.21885479676052721], [-1.4110588447163224, 0.5356531261056929, -0.15179259130215073], [-0.21885479676052721, -0.15179259130215073, 0.48339258557854237]], "ValueCostV4": -1.1958868122002876e-05, "nSteps": 19}, {"Convergence": true, "QuadCompare": [[-0.002042037504025984, -0.0007796655758625093, 0.00017364467930580663], [-0.0007796655758625093, -0.0006855309807036747, 0.0004398530518985866], [0.00017364467930580663, 0.0004398530518985866, 0.0027275684847083426]], "QuadTotal": [[0.7268355107376863, -0.06369538431030008, 0.001444718657615418], [-0.06369538431030008, -0.014669119238810424, -0.016084320915311034], [0.001444718657615418, -0.016084320915311034, -0.7121663914988758]], "QuadLocal": [[0.7288775482417122, -0.06291571873443758, 0.0012710739783096114], [-0.06291571873443758, -0.01398358825810675, -0.01652417396720962], [0.0012710739783096114, -0.01652417396720962, -0.7148939599835842]], "ValueCostV4": -4.381283168911102e-05, "nSteps": 21}, {"Convergence": true, "QuadCompare": [[0.0007162097510899912, -0.0003488731846594817, -0.00021443686054918587], [-0.0003488731846594817, -0.0029716240742274636, -0.0004937070095709928], [-0.00021443686054918587, -0.0004937070095709928, 0.0022554143231587886]], "QuadTotal": [[0.1317144694665231, 0.4346338459597803, 0.0019947769112448194], [0.4346338459597803, 0.6685868584733683, -0.002077583331903249], [0.0019947769112448194, -0.002077583331903249, -0.800301327939863]], "QuadLocal": [[0.1309982597154331, 0.43498271914443976, 0.0022092137717940052], [0.43498271914443976, 0.6715584825475958, -0.001583876322332256], [0.0022092137717940052, -0.001583876322332256, -0.8025567422630218]], "ValueCostV4": -4.862939341174254e-05, "nSteps": 18}, {"Convergence": true, "QuadCompare": [[6.601462272115555e-05, 3.5410532213120405e-06, -0.00041285900054255364], [3.5410532213120405e-06, -0.0005510852547132572, -0.00012738532760603327], [-0.00041285900054255364, -0.00012738532760603327, 0.0004850706319992071]], "QuadTotal": [[-0.21863435976896994, 0.5967732999437132, 0.1661910608835715], [0.5967732999437132, -0.35384273917254205, 0.011655310247684403], [0.1661910608835715, 0.011655310247684403, 0.5724770989415155]], "QuadLocal": [[-0.2187003743916911, 0.5967697588904919, 0.16660391988411405], [0.5967697588904919, -0.3532916539178288, 0.011782695575290436], [0.16660391988411405, 0.011782695575290436, 0.5719920283095163]], "ValueCostV4": -2.9226528330381414e-06, "nSteps": 22}, {"Convergence": true, "QuadCompare": [[5.11595730436909e-05, 7.464797428369252e-05, -7.988064788833071e-05], [7.464797428369252e-05, 0.0004131171081596108, 0.00034560284817408693], [-7.988064788833071e-05, 0.00034560284817408693, -0.0004642766812104071]], "QuadTotal": [[0.36466193985744866, 0.039202667366323496, 0.43314660687572637], [0.039202667366323496, -0.1003954847914521, -0.6816200471147627], [0.43314660687572637, -0.6816200471147627, -0.2642664550660072]], "QuadLocal": [[0.36461078028440497, 0.0391280193920398, 0.4332264875236147], [0.0391280193920398, -0.10080860189961172, -0.6819656499629367], [0.4332264875236147, -0.6819656499629367, -0.2638021783847968]], "ValueCostV4": -2.0774626984462623e-06, "nSteps": 11}, {"Convergence": true, "QuadCompare": [[9.558600687142871e-05, -0.00044145134071982284, -0.00013883396211356036], [-0.00044145134071982284, 0.00039782240026653426, -0.00021733118486189085], [-0.00013883396211356036, -0.00021733118486189085, -0.0004934084071415157]], "QuadTotal": [[0.30780942724853233, 0.7871634996204229, 0.3073964857625431], [0.7871634996204229, -0.347154166975713, 0.0447358482382878], [0.3073964857625431, 0.0447358482382878, 0.03934473972718777]], "QuadLocal": [[0.3077138412416609, 0.7876049509611427, 0.30753531972465664], [0.7876049509611427, -0.34755198937597953, 0.04495317942314969], [0.30753531972465664, 0.04495317942314969, 0.03983814813432929]], "ValueCostV4": -2.97651483571213e-06, "nSteps": 20}, {"Convergence": true, "QuadCompare": [[-2.9283378246702796e-05, -0.0004353697108427923, 0.0001370828828246573], [-0.0004353697108427923, -1.8047859754233286e-05, -0.00019620439447365357], [0.0001370828828246573, -0.00019620439447365357, 4.733123799738337e-05]], "QuadTotal": [[-0.9626689592206219, 0.7110510797585547, 0.3005074227930864], [0.7110510797585547, 0.9266309474015557, -0.07385030950024785], [0.3005074227930864, -0.07385030950024785, 0.03603801181906974]], "QuadLocal": [[-0.9626396758423752, 0.7114864494693975, 0.30037033991026174], [0.7114864494693975, 0.92664899526131, -0.07365410510577419], [0.30037033991026174, -0.07365410510577419, 0.035990680581072354]], "ValueCostV4": -1.5847945746575704e-06, "nSteps": 16}, {"Convergence": true, "QuadCompare": [[-0.00010480670552226456, -0.00015853444203628442, 5.939083788009114e-05], [-0.00015853444203628442, -9.931421681841357e-05, -0.00019750997468115372], [5.939083788009114e-05, -0.00019750997468115372, 0.00020412092234067813]], "QuadTotal": [[0.05806374494591182, 0.1115129557255159, -0.08167195754638668], [0.1115129557255159, -0.037660065065843185, 0.42644594232453237], [-0.08167195754638668, 0.42644594232453237, -0.02040367988006153]], "QuadLocal": [[0.058168551651434086, 0.11167149016755218, -0.08173134838426677], [0.11167149016755218, -0.03756075084902477, 0.4266434522992135], [-0.08173134838426677, 0.4266434522992135, -0.02060780080240221]], "ValueCostV4": -6.307846802606881e-07, "nSteps": 16}, {"Convergence": true, "QuadCompare": [[-0.00016612706956919965, 0.00036669746161521743, 0.0007741207053371113], [0.00036669746161521743, 0.0003140251686986062, -8.351140209761354e-05], [0.0007741207053371113, -8.351140209761354e-05, -0.00014789809910098484]], "QuadTotal": [[0.2551898905036367, 0.10774195682487431, -0.028854279689058515], [0.10774195682487431, -0.41423501320514333, 0.07629964462635286], [-0.028854279689058515, 0.07629964462635286, 0.15904512270152793]], "QuadLocal": [[0.2553560175732059, 0.10737525936325909, -0.029628400394395626], [0.10737525936325909, -0.41454903837384194, 0.07638315602845047], [-0.029628400394395626, 0.07638315602845047, 0.15919302080062891]], "ValueCostV4": -5.1950257696271085e-06, "nSteps": 24}, {"Convergence": true, "QuadCompare": [[-0.00018057843544383445, -0.00023521594485642616, 0.00026998351609938687], [-0.00023521594485642616, 0.0019038251609266865, 0.0006375877077704345], [0.00026998351609938687, 0.0006375877077704345, -0.0017232467254650885]], "QuadTotal": [[0.7816097987626129, -0.2539925661359247, 0.0005705636627895277], [-0.2539925661359247, 0.0946457303321715, 0.0021312547945102345], [0.0005705636627895277, 0.0021312547945102345, -0.8762555290947596]], "QuadLocal": [[0.7817903771980568, -0.25375735019106826, 0.0003005801466901409], [-0.25375735019106826, 0.09274190517124481, 0.0014936670867398], [0.0003005801466901409, 0.0014936670867398, -0.8745322823692945]], "ValueCostV4": -2.4536486205931148e-05, "nSteps": 208}, {"Convergence": true, "QuadCompare": [[5.641601141093133e-05, 0.0003761699043600686, 3.7916879401134196e-05], [0.0003761699043600686, -0.00027898292618289133, -0.0003847029439079108], [3.7916879401134196e-05, -0.0003847029439079108, 0.00022256691477551271]], "QuadTotal": [[-0.18904453266177512, -0.03116952739470591, 0.02827242090040949], [-0.03116952739470591, 0.06335651322046942, -0.07589459009025923], [0.02827242090040949, -0.07589459009025923, 0.12568801944131636]], "QuadLocal": [[-0.18910094867318605, -0.03154569729906598, 0.028234504021008355], [-0.03154569729906598, 0.06363549614665232, -0.07550988714635132], [0.028234504021008355, -0.07550988714635132, 0.12546545252654084]], "ValueCostV4": -2.271303751769481e-06, "nSteps": 82}, {"Convergence": true, "QuadCompare": [[0.00024356440209061248, -5.354552528658019e-05, 0.0009253887330289423], [-5.354552528658019e-05, -0.000294544130483132, -0.0004991715651563311], [0.0009253887330289423, -0.0004991715651563311, 5.097972840317766e-05]], "QuadTotal": [[0.4728640494875975, -0.025835661865318826, 0.1245227556217432], [-0.025835661865318826, -0.8611007307183058, -0.4502738154124444], [0.1245227556217432, -0.4502738154124444, 0.38823668123069766]], "QuadLocal": [[0.4726204850855069, -0.025782116340032246, 0.12359736688871426], [-0.025782116340032246, -0.8608061865878227, -0.44977464384728805], [0.12359736688871426, -0.44977464384728805, 0.3881857015022945]], "ValueCostV4": -7.541340546007095e-06, "nSteps": 16}, {"Convergence": true, "QuadCompare": [[-0.0007459560521851927, -7.02678164259396e-05, -0.00024668410171280186], [-7.02678164259396e-05, -0.001060439402849056, -0.00014746946552718354], [-0.00024668410171280186, -0.00014746946552718354, 0.0018063954550484596]], "QuadTotal": [[-0.4432009165287809, -0.010107239091254883, -2.2462482336282896e-05], [-0.010107239091254883, 0.478361438380972, 0.003437042305472038], [-2.2462482336282896e-05, 0.003437042305472038, -0.03516052185221952]], "QuadLocal": [[-0.4424549604765957, -0.010036971274828943, 0.00022422161937651897], [-0.010036971274828943, 0.47942187778382106, 0.0035845117709992214], [0.00022422161937651897, 0.0035845117709992214, -0.03696691730726798]], "ValueCostV4": -1.6320407560859667e-05, "nSteps": 26}, {"Convergence": true, "QuadCompare": [[-0.00042687264613761045, 0.00032984059563671494, -0.0001989930002963547], [0.00032984059563671494, -0.00026894715265513014, 0.00037511612119761617], [-0.0001989930002963547, 0.00037511612119761617, 0.0006958197987785297]], "QuadTotal": [[-0.6824696404332045, 0.001930106257547009, -0.23498665155537646], [0.001930106257547009, 0.5950159638801651, 0.003549529443375554], [-0.23498665155537646, 0.003549529443375554, 0.08745367655303937]], "QuadLocal": [[-0.6820427677870669, 0.001600265661910294, -0.2347876585550801], [0.001600265661910294, 0.5952849110328202, 0.003174413322177938], [-0.2347876585550801, 0.003174413322177938, 0.08675785675426084]], "ValueCostV4": -4.1985334122607855e-06, "nSteps": 16}, {"Convergence": true, "QuadCompare": [[-0.0011258503794238095, -0.0003558828238225953, 0.0002590673854051678], [-0.0003558828238225953, -0.0008862287757906984, 0.0005136854811419733], [0.0002590673854051678, 0.0005136854811419733, 0.0020120791551931916]], "QuadTotal": [[1.590571805297209, 0.3964530557934527, -0.005203617076180819], [0.3964530557934527, -0.5761973371480096, -0.0019348388329259864], [-0.005203617076180819, -0.0019348388329259864, -1.014374468149228]], "QuadLocal": [[1.591697655676633, 0.3968089386172753, -0.005462684461585987], [0.3968089386172753, -0.5753111083722189, -0.0024485243140679597], [-0.005462684461585987, -0.0024485243140679597, -1.0163865473044211]], "ValueCostV4": -2.237007816576307e-05, "nSteps": 21}, {"Convergence": true, "QuadCompare": [[-0.00021850508939280644, -8.40961635617532e-06, 0.00015456369984079288], [-8.40961635617532e-06, 1.0335525502114251e-06, -0.0004787455956289932], [0.00015456369984079288, -0.0004787455956289932, 0.00021747153682127873]], "QuadTotal": [[-0.3339872091819558, -0.10779565996951135, 1.3678128179664188], [-0.10779565996951135, 0.5454558785981476, -0.08720314051900502], [1.3678128179664188, -0.08720314051900502, -0.211468669416206]], "QuadLocal": [[-0.333768704092563, -0.10778725035315517, 1.367658254266578], [-0.10778725035315517, 0.5454548450455974, -0.08672439492337602], [1.367658254266578, -0.08672439492337602, -0.2116861409530273]], "ValueCostV4": -1.917196887110519e-06, "nSteps": 14}, {"Convergence": true, "QuadCompare": [[0.00024325502765520923, 0.00031414769987492264, 0.00022311248001116724], [0.00031414769987492264, -0.00020391463753810513, -0.00032333095861147854], [0.00022311248001116724, -0.00032333095861147854, -3.934039012065682e-05]], "QuadTotal": [[0.6975841613350937, 0.16048398209838854, 0.22728527269163834], [0.16048398209838854, -0.6701293013775214, 0.8704845920759645], [0.22728527269163834, 0.8704845920759645, -0.027454859957558142]], "QuadLocal": [[0.6973409063074385, 0.16016983439851362, 0.22706216021162717], [0.16016983439851362, -0.6699253867399833, 0.870807923034576], [0.22706216021162717, 0.870807923034576, -0.027415519567437485]], "ValueCostV4": -1.939412271278889e-06, "nSteps": 14}, {"Convergence": true, "QuadCompare": [[5.940167564233434e-05, -0.00019028551907496194, 0.00027407366626253094], [-0.00019028551907496194, -0.0005313441196150848, -0.0007039855249946214], [0.00027407366626253094, -0.0007039855249946214, 0.000471942443965645]], "QuadTotal": [[-1.7985910312657438, -1.1043541894500848, -0.3257062197285707], [-1.1043541894500848, -0.06633073141053103, -0.3081684028247773], [-0.3257062197285707, -0.3081684028247773, 1.8649217626762749]], "QuadLocal": [[-1.7986504329413862, -1.1041639039310098, -0.32598029339483325], [-1.1041639039310098, -0.06579938729091594, -0.3074644172997827], [-0.32598029339483325, -0.3074644172997827, 1.8644498202323092]], "ValueCostV4": -5.491311053609019e-06, "nSteps": 22}, {"Convergence": true, "QuadCompare": [[-0.00027555335773854495, 0.00011363825829269203, -0.0001457710071441909], [0.00011363825829269203, 0.0005663123088801569, 0.00026232216735300184], [-0.0001457710071441909, 0.00026232216735300184, -0.00029075895116292827]], "QuadTotal": [[0.7438029697401234, -0.17270009282766186, -0.13817429990285746], [-0.17270009282766186, -0.33386982540136856, 0.4646641963357061], [-0.13817429990285746, 0.4646641963357061, -0.4099331443387655]], "QuadLocal": [[0.7440785230978619, -0.17281373108595455, -0.13802852889571327], [-0.17281373108595455, -0.3344361377102487, 0.4644018741683531], [-0.13802852889571327, 0.4644018741683531, -0.40964238538760256]], "ValueCostV4": -2.190662069825454e-06, "nSteps": 27}, {"Convergence": true, "QuadCompare": [[0.00010059970310294375, -0.00019662910853114612, -0.001005741965180107], [-0.00019662910853114612, -0.00044814165702433684, 0.0003087555424019506], [-0.001005741965180107, 0.0003087555424019506, 0.00034754195393560394]], "QuadTotal": [[0.579467120049479, 0.039694709147269455, -0.9919413616673864], [0.039694709147269455, 0.04440675641237135, 0.011069762978329734], [-0.9919413616673864, 0.011069762978329734, -0.6238738764618397]], "QuadLocal": [[0.579366520346376, 0.0398913382558006, -0.9909356197022063], [0.0398913382558006, 0.04485489806939569, 0.010761007435927783], [-0.9909356197022063, 0.010761007435927783, -0.6242214184157753]], "ValueCostV4": -8.361678152283091e-06, "nSteps": 19}, {"Convergence": true, "QuadCompare": [[0.0001097711619379993, -0.00039659926328639017, 0.0001342850477374924], [-0.00039659926328639017, -2.10913071896357e-05, 0.0001341526114906344], [0.0001342850477374924, 0.0001341526114906344, -8.867985474125817e-05]], "QuadTotal": [[-0.20945531918184201, 0.38350064445283394, -0.1491695785709295], [0.38350064445283394, 0.16520423455298783, 0.4236430645474485], [-0.1491695785709295, 0.4236430645474485, 0.04425108462889682]], "QuadLocal": [[-0.20956509034378001, 0.38389724371612033, -0.149303863618667], [0.38389724371612033, 0.16522532586017746, 0.42350891193595785], [-0.149303863618667, 0.42350891193595785, 0.04433976448363808]], "ValueCostV4": -1.2975654373069933e-06}, {"Convergence": true, "QuadCompare": [[-0.00106993663584376, 0.0002574379691964168, -0.0005267196956211251], [0.0002574379691964168, -7.956489929483723e-05, 5.5753447448125826e-05], [-0.0005267196956211251, 5.5753447448125826e-05, 0.0011495015351030702]], "QuadTotal": [[-1.0007576590697056, 0.06090545079089793, -0.4188694736557963], [0.06090545079089793, 1.0237151553751431, 0.2972643798338481], [-0.4188694736557963, 0.2972643798338481, -0.022957496305473057]], "QuadLocal": [[-0.9996877224338618, 0.060648012821701514, -0.4183427539601752], [0.060648012821701514, 1.023794720274438, 0.2972086263864], [-0.4183427539601752, 0.2972086263864, -0.024106997840576128]], "ValueCostV4": -1.0093867075905517e-05}, {"Convergence": true, "QuadCompare": [[-0.0003282075499697612, 0.0005659003546440999, -7.240609350134264e-05], [0.0005659003546440999, -0.00041723869594534335, -0.0005244657349994242], [-7.240609350134264e-05, -0.0005244657349994242, 0.0007454462459435263]], "QuadTotal": [[-0.026539692146030802, -0.050289971160040636, 0.38564694698654733], [-0.050289971160040636, 0.22775971742837697, 0.09437378138932218], [0.38564694698654733, 0.09437378138932218, -0.20122002528232485]], "QuadLocal": [[-0.02621148459606104, -0.050855871514684736, 0.3857193530800487], [-0.050855871514684736, 0.22817695612432232, 0.0948982471243216], [0.3857193530800487, 0.0948982471243216, -0.20196547152826838]], "ValueCostV4": -6.4993098111155335e-06, "nSteps": 23}, {"Convergence": true, "QuadCompare": [[0.0005660626591250661, 0.0004913804145267875, -0.00021645180739771064], [0.0004913804145267875, 0.000289238302400463, -0.00035829036787227153], [-0.00021645180739771064, -0.00035829036787227153, -0.0008553009615326346]], "QuadTotal": [[-0.22086853150395314, -0.3621242951647794, -0.5377663752607766], [-0.3621242951647794, 0.47246629367006676, 0.2722478009186382], [-0.5377663752607766, 0.2722478009186382, -0.2515977621660994]], "QuadLocal": [[-0.2214345941630782, -0.3626156755793062, -0.5375499234533789], [-0.3626156755793062, 0.4721770553676663, 0.2726060912865105], [-0.5375499234533789, 0.2726060912865105, -0.2507424612045668]], "ValueCostV4": -6.277361657829721e-06, "nSteps": 363}, {"Convergence": true, "QuadCompare": [[-0.0004574636004051058, 0.00037336822467892716, -0.00024168890282982858], [0.00037336822467892716, -0.0007130142876405898, -0.0008054496036518088], [-0.00024168890282982858, -0.0008054496036518088, 0.0011704778880883282]], "QuadTotal": [[0.8941895894914325, -0.2834975301926477, -0.05009376407042332], [-0.2834975301926477, -1.12499569966635, -0.22734817821953612], [-0.05009376407042332, -0.22734817821953612, 0.2308061101749601]], "QuadLocal": [[0.8946470530918376, -0.2838708984173266, -0.04985207516759349], [-0.2838708984173266, -1.1242826853787093, -0.22654272861588431], [-0.04985207516759349, -0.22654272861588431, 0.22963563228687178]], "ValueCostV4": -1.2053710523419436e-05, "nSteps": 20}, {"Convergence": true, "QuadCompare": [[-0.0002530947432219932, -0.0001389243130347495, 7.20007457779559e-05], [-0.0001389243130347495, 0.0002878069969654007, -0.00010430038267728037], [7.20007457779559e-05, -0.00010430038267728037, -3.471225377182918e-05]], "QuadTotal": [[-0.15932331602760996, -2.1573052313614056, -1.010040447391237], [-2.1573052313614056, -0.18374129128530114, -0.3876394150488309], [-1.010040447391237, -0.3876394150488309, 0.3430646073128827]], "QuadLocal": [[-0.15907022128438797, -2.157166307048371, -1.010112448137015], [-2.157166307048371, -0.18402909828226655, -0.38753511466615365], [-1.010112448137015, -0.38753511466615365, 0.3430993195666545]], "ValueCostV4": -6.976258754331103e-07, "nSteps": 26}, {"Convergence": true, "QuadCompare": [[-0.27705012749919433, -0.0549195343162836, -0.01944940124023775], [-0.0549195343162836, -0.02389700114682114, 0.011866128646048447], [-0.01944940124023775, 0.011866128646048447, 0.3009471286460723]], "QuadTotal": [[1.4673661033420728, 0.9210878509594664, 0.06293252870790655], [0.9210878509594664, -0.23965698545492842, -0.007270468600955107], [0.06293252870790655, -0.007270468600955107, -1.2277091178871444]], "QuadLocal": [[1.7444162308412672, 0.97600738527575, 0.0823819299481443], [0.97600738527575, -0.21575998430810728, -0.019136597247003555], [0.0823819299481443, -0.019136597247003555, -1.5286562465332167]], "ValueCostV4": -0.5578184241752943, "nSteps": 132}, {"Convergence": true, "QuadCompare": [[-0.0024639086343825056, 0.001706674508255901, 0.0001824175381957005], [0.001706674508255901, -0.0003733115126891562, 0.000835314417649613], [0.0001824175381957005, 0.000835314417649613, 0.0028372201470858727]], "QuadTotal": [[0.569460078710236, 0.5342576282598372, -0.024901278922876635], [0.5342576282598372, 0.34000308629597953, -0.3495158907268472], [-0.024901278922876635, -0.3495158907268472, -0.9094631650062013]], "QuadLocal": [[0.5719239873446185, 0.5325509537515813, -0.025083696461072336], [0.5325509537515813, 0.3403763978086687, -0.3503512051444968], [-0.025083696461072336, -0.3503512051444968, -0.9123003851532872]], "ValueCostV4": -6.869631791239507e-05, "nSteps": 31}, {"Convergence": true, "QuadCompare": [[3.274549970910812e-05, 0.00024244655285776684, 0.0006433061712804999], [0.00024244655285776684, -0.00016082408598094844, -7.25626631339904e-05], [0.0006433061712804999, -7.25626631339904e-05, 0.00012807858627184032]], "QuadTotal": [[-0.30426552749664637, 0.0032300684016343117, -0.0022010406144374883], [0.0032300684016343117, 0.25465803611144366, -0.00030811207242448235], [-0.0022010406144374883, -0.00030811207242448235, 0.04960749138518139]], "QuadLocal": [[-0.3042982729963555, 0.002987621848776545, -0.0028443467857179883], [0.002987621848776545, 0.2548188601974246, -0.00023554940929049195], [-0.0028443467857179883, -0.00023554940929049195, 0.04947941279890955]], "ValueCostV4": -3.1853134347286843e-06, "nSteps": 13}, {"Convergence": true, "QuadCompare": [[-0.001598539060331916, -0.0018898921682380942, 2.0518897034360606e-05], [-0.0018898921682380942, -0.004829928526632443, 0.000336589162823071], [2.0518897034360606e-05, 0.000336589162823071, 0.006428467586943043]], "QuadTotal": [[0.8076985198472215, 0.07017928678393492, -0.056505728469386174], [0.07017928678393492, 0.9248213567922718, -0.0014077214053120155], [-0.056505728469386174, -0.0014077214053120155, -1.7325198766395218]], "QuadLocal": [[0.8092970589075534, 0.07206917895217302, -0.056526247366420534], [0.07206917895217302, 0.9296512853189043, -0.0017443105681350865], [-0.056526247366420534, -0.0017443105681350865, -1.7389483442264648]], "ValueCostV4": -0.0002377689865873923, "nSteps": 28}, {"Convergence": true, "QuadCompare": [[-0.0002960700303873409, 0.00013617300339063831, -0.0002753259432903832], [0.00013617300339063831, -0.00040118390192134257, 0.0008648320020436806], [-0.0002753259432903832, 0.0008648320020436806, 0.000697253932351316]], "QuadTotal": [[-0.21489285524451418, -0.009312031076021299, -0.030171682790680165], [-0.009312031076021299, -0.005209094950323845, -0.05401622554745833], [-0.030171682790680165, -0.05401622554745833, 0.22010195019487355]], "QuadLocal": [[-0.21459678521412684, -0.009448204079411937, -0.029896356847389782], [-0.009448204079411937, -0.004807911048402502, -0.05488105754950201], [-0.029896356847389782, -0.05488105754950201, 0.21940469626252224]], "ValueCostV4": -7.713137756546683e-06, "nSteps": 24}, {"Convergence": true, "QuadCompare": [[-0.00031615251874939077, -0.0007176026663060497, 0.00010128550369614686], [-0.0007176026663060497, 0.00025002915201355336, -0.0006790239937224385], [0.00010128550369614686, -0.0006790239937224385, 6.612336675004826e-05]], "QuadTotal": [[0.3839557461037799, -0.5691214681893868, 0.8698582208080836], [-0.5691214681893868, -0.1374840478520838, -0.10194652677141036], [0.8698582208080836, -0.10194652677141036, -0.24647169825169613]], "QuadLocal": [[0.3842718986225293, -0.5684038655230808, 0.8697569353043875], [-0.5684038655230808, -0.13773407700409734, -0.10126750277768792], [0.8697569353043875, -0.10126750277768792, -0.24653782161844617]], "ValueCostV4": -6.820712408378065e-06}, {"Convergence": true, "QuadCompare": [[1.88513569057136e-05, -0.00023279306054035942, -9.795594867867408e-05], [-0.00023279306054035942, -0.0001457779232580947, 0.0004516058045069826], [-9.795594867867408e-05, 0.0004516058045069826, 0.00012692656633817023]], "QuadTotal": [[-0.7234509663204349, 0.9578770744202245, 0.08680473623313745], [0.9578770744202245, -0.2744539062628135, -0.31728227638449624], [0.08680473623313745, -0.31728227638449624, 0.9979048725832342]], "QuadLocal": [[-0.7234698176773406, 0.9581098674807649, 0.08690269218181612], [0.9581098674807649, -0.2743081283395554, -0.3177338821890032], [0.08690269218181612, -0.3177338821890032, 0.9977779460168961]], "ValueCostV4": -1.827397159545052e-06, "nSteps": 15}, {"Convergence": true, "QuadCompare": [[-0.00035805384613851743, -0.00016242963392443244, 0.0001959685237568204], [-0.00016242963392443244, 4.8298314521133534e-05, -0.00017179902545993997], [0.0001959685237568204, -0.00017179902545993997, 0.0003097555316244893]], "QuadTotal": [[-0.11396594795338899, 0.8922743335416463, 0.10211519307057511], [0.8922743335416463, -0.19891287550546366, 0.13440477063575873], [0.10211519307057511, 0.13440477063575873, 0.31287882345886686]], "QuadLocal": [[-0.11360789410725047, 0.8924367631755707, 0.10191922454681829], [0.8924367631755707, -0.1989611738199848, 0.13457656966121867], [0.10191922454681829, 0.13457656966121867, 0.31256906792724237]], "ValueCostV4": -1.32335185062122e-06, "nSteps": 15}, {"Convergence": true, "QuadCompare": [[-9.359218779536604e-06, -0.0001470606480609149, -0.00045381916406839196], [-0.0001470606480609149, 0.00015492073917755533, 0.0007471500354618854], [-0.00045381916406839196, 0.0007471500354618854, -0.00014556152042644044]], "QuadTotal": [[-1.0815622768998594, -1.2503048338782818, 1.2453337563147393], [-1.2503048338782818, 0.29528242376662206, 0.6758666413557268], [1.2453337563147393, 0.6758666413557268, 0.7862798531332231]], "QuadLocal": [[-1.0815529176810799, -1.250157773230221, 1.2457875754788077], [-1.250157773230221, 0.2951275030274445, 0.6751194913202649], [1.2457875754788077, 0.6751194913202649, 0.7864254146536496]], "ValueCostV4": -5.154880624195213e-06, "nSteps": 79}, {"Convergence": true, "QuadCompare": [[-0.0005901028736374769, -0.000555297988401926, 0.0004904682932505011], [-0.000555297988401926, 0.0002881597321504614, -0.0003315201311638871], [0.0004904682932505011, -0.0003315201311638871, 0.00030194314150122636]], "QuadTotal": [[-0.0196657242009195, 0.0018054337272072063, -0.6014111167130096], [0.0018054337272072063, -0.7232041878689941, -0.01166097020301654], [-0.6014111167130096, -0.01166097020301654, 0.7428699120699136]], "QuadLocal": [[-0.019075621327282022, 0.0023607317156091323, -0.6019015850062601], [0.0023607317156091323, -0.7234923476011446, -0.011329450071852654], [-0.6019015850062601, -0.011329450071852654, 0.7425679689284124]], "ValueCostV4": -5.8663696794895e-06, "nSteps": 15}, {"Convergence": true, "QuadCompare": [[-0.0006193705024131191, -3.5580105681276564e-05, 0.0018328492071880698], [-3.5580105681276564e-05, -0.003697281841148481, -0.0014368402167619365], [0.0018328492071880698, -0.0014368402167619365, 0.0043166523435544946]], "QuadTotal": [[0.4904685936793882, 0.07752640097791641, -0.21758839446022293], [0.07752640097791641, 0.44236162999428785, 0.12639591492775892], [-0.21758839446022293, 0.12639591492775892, -0.9328302236736832]], "QuadLocal": [[0.49108796418180134, 0.07756198108359769, -0.219421243667411], [0.07756198108359769, 0.44605891183543633, 0.12783275514452086], [-0.219421243667411, 0.12783275514452086, -0.9371468760172377]], "ValueCostV4": -0.00013880215916382263, "nSteps": 42}, {"Convergence": true, "QuadCompare": [[0.0005474151064248645, -0.00045937424960129647, 0.0006007104552646636], [-0.00045937424960129647, -0.0003252239815765279, -7.235818784323556e-05], [0.0006007104552646636, -7.235818784323556e-05, -0.00022219112484123116]], "QuadTotal": [[0.026291026287978525, -0.21736106635243502, 0.4621681369418996], [-0.21736106635243502, 0.439385070025196, 0.24764983035157684], [0.4621681369418996, 0.24764983035157684, -0.4656760963131674]], "QuadLocal": [[0.02574361118155366, -0.21690169210283372, 0.46156742648663496], [-0.21690169210283372, 0.43971029400677253, 0.24772218853942007], [0.46156742648663496, 0.24772218853942007, -0.4654539051883262]], "ValueCostV4": -5.129789685194524e-06, "nSteps": 20}, {"Convergence": true, "QuadCompare": [[-0.0011374909035737346, -3.1985591807170977e-05, 0.0011139100824912873], [-3.1985591807170977e-05, 0.000163310075379286, -0.0009002953617009979], [0.0011139100824912873, -0.0009002953617009979, 0.0009741808282228703]], "QuadTotal": [[0.12374857303987596, -1.5792822232338395, 0.22005885372458422], [-1.5792822232338395, -0.5099711475334345, 0.27894404410898765], [0.22005885372458422, 0.27894404410898765, 0.3862225744935799]], "QuadLocal": [[0.1248860639434497, -1.5792502376420323, 0.21894494364209294], [-1.5792502376420323, -0.5101344576088138, 0.27984433947068865], [0.21894494364209294, 0.27984433947068865, 0.385248393665357]], "ValueCostV4": -2.0322024124715117e-05, "nSteps": 20}, {"Convergence": true, "QuadCompare": [[-0.00021553011384156662, 3.764376840109662e-05, -0.00016299100549943546], [3.764376840109662e-05, -0.0001400743002690774, 0.00023204406951293777], [-0.00016299100549943546, 0.00023204406951293777, 0.00035560441408932775]], "QuadTotal": [[-0.8496115319090194, 0.4309007450351814, -0.3661394495858623], [0.4309007450351814, 0.023767964421878673, 0.3552281535477628], [-0.3661394495858623, 0.3552281535477628, 0.8258435674871336]], "QuadLocal": [[-0.8493960017951778, 0.4308631012667803, -0.3659764585803629], [0.4308631012667803, 0.02390803872214775, 0.3549961094782499], [-0.3659764585803629, 0.3549961094782499, 0.8254879630730443]], "ValueCostV4": -1.1355584776118015e-06}, {"Convergence": true, "QuadCompare": [[-0.005811897837872948, 0.0018281524579926156, 0.001190198140785803], [0.0018281524579926156, -0.00027686110551883303, -0.0016883067226363124], [0.001190198140785803, -0.0016883067226363124, 0.006088758943427308]], "QuadTotal": [[-1.4816193407510028, -0.555619452460931, 0.020261801420463854], [-0.555619452460931, 1.8543498810403634, 0.46284190326144703], [0.020261801420463854, 0.46284190326144703, -0.3727305402893606]], "QuadLocal": [[-1.4758074429131298, -0.5574476049189236, 0.01907160327967805], [-0.5574476049189236, 1.8546267421458822, 0.46453020998408334], [0.01907160327967805, 0.46453020998408334, -0.3788192992327879]], "ValueCostV4": -0.00027464424147388667, "nSteps": 26}, {"Convergence": true, "QuadCompare": [[-0.0013424866821054593, -0.0011121666658304719, 0.0005738212387806883], [-0.0011121666658304719, 0.0006270161087869042, 0.0001829962650066741], [0.0005738212387806883, 0.0001829962650066741, 0.0007154705733185551]], "QuadTotal": [[0.604478357593436, 0.03693741320050137, 0.0003433061032765382], [0.03693741320050137, 0.04357953006439175, 0.000598099898563062], [0.0003433061032765382, 0.000598099898563062, -0.6480578876578207]], "QuadLocal": [[0.6058208442755415, 0.03804957986633184, -0.00023051513550415015], [0.03804957986633184, 0.04295251395560484, 0.0004151036335563879], [-0.00023051513550415015, 0.0004151036335563879, -0.6487733582311392]], "ValueCostV4": -1.883118979008558e-05, "nSteps": 21}, {"Convergence": true, "QuadCompare": [[-0.0005511647399600861, -0.00035717229898324376, -0.00028975255210106354], [-0.00035717229898324376, -0.0002947375987005785, -5.711799839325238e-05], [-0.00028975255210106354, -5.711799839325238e-05, 0.00084590233866777]], "QuadTotal": [[-0.0115235217804468, 0.34236399014707075, 0.3038832744033577], [0.34236399014707075, -0.09389054366410221, -0.21112699188766593], [0.3038832744033577, -0.21112699188766593, 0.10541406544454901]], "QuadLocal": [[-0.010972357040486713, 0.342721162446054, 0.3041730269554588], [0.342721162446054, -0.09359580606540163, -0.21106987388927267], [0.3041730269554588, -0.21106987388927267, 0.10456816310588124]], "ValueCostV4": -4.896278432997216e-06, "nSteps": 20}, {"Convergence": true, "QuadCompare": [[0.00015647689225772865, -0.0001790676249555645, 0.0007422913739141279], [-0.0001790676249555645, 2.705146098236355e-05, -0.0004364951129076644], [0.0007422913739141279, -0.0004364951129076644, -0.0001835283532116705]], "QuadTotal": [[0.38515030476226997, 0.537003345776899, 0.2498999361091041], [0.537003345776899, -1.1147252914264243, -0.7588290037181054], [0.2498999361091041, -0.7588290037181054, 0.7295749866641756]], "QuadLocal": [[0.38499382787001224, 0.5371824134018546, 0.24915764473518998], [0.5371824134018546, -1.1147523428874067, -0.7583925086051977], [0.24915764473518998, -0.7583925086051977, 0.7297585150173873]], "ValueCostV4": -5.120381739226622e-06, "nSteps": 24}, {"Convergence": true, "QuadCompare": [[-0.001075392762913907, 0.000760425455965219, -0.0008584171001158047], [0.000760425455965219, -0.0003883616870155038, -0.00020388679399063747], [-0.0008584171001158047, -0.00020388679399063747, 0.0014637544499436217]], "QuadTotal": [[-0.22857724737232843, 0.39409855840060004, 0.20831901597162839], [0.39409855840060004, 0.209798199834637, -0.1021998150848642], [0.20831901597162839, -0.1021998150848642, 0.018779047537719862]], "QuadLocal": [[-0.22750185460941452, 0.3933381329446348, 0.2091774330717442], [0.3933381329446348, 0.2101865615216525, -0.10199592829087356], [0.2091774330717442, -0.10199592829087356, 0.01731529308777624]], "ValueCostV4": -1.9649264865226547e-05, "nSteps": 376}, {"Convergence": true, "QuadCompare": [[-1.7654901029118264e-05, -2.03367966236101e-05, -0.0006621127777179936], [-2.03367966236101e-05, -0.0002838906744599967, 6.491522086093937e-06], [-0.0006621127777179936, 6.491522086093937e-06, 0.0003015455755175367]], "QuadTotal": [[-0.708223107430058, -0.2819029899834362, -0.12439347138280077], [-0.2819029899834362, 1.5904226953050724, 0.0842753371388838], [-0.12439347138280077, 0.0842753371388838, -0.8821995878750144]], "QuadLocal": [[-0.7082054525290289, -0.2818826531868126, -0.12373135860508278], [-0.2818826531868126, 1.5907065859795324, 0.0842688456167977], [-0.12373135860508278, 0.0842688456167977, -0.8825011334505319]], "ValueCostV4": -3.3460449619762353e-06, "nSteps": 51}, {"Convergence": true, "QuadCompare": [[0.000638448062446173, -9.43404585314056e-05, 0.0006981341178793343], [-9.43404585314056e-05, -0.0001727074158637265, -1.582060079385883e-05], [0.0006981341178793343, -1.582060079385883e-05, -0.00046574064656823566]], "QuadTotal": [[0.30631132981380205, -0.8318746812094417, -0.7753511915543676], [-0.8318746812094417, -0.8078055269303235, -1.3583297397136285], [-0.7753511915543676, -1.3583297397136285, 0.5014941971165641]], "QuadLocal": [[0.3056728817513559, -0.8317803407509103, -0.7760493256722469], [-0.8317803407509103, -0.8076328195144598, -1.3583139191128346], [-0.7760493256722469, -1.3583139191128346, 0.5019599377631323]], "ValueCostV4": -5.252251020156757e-06, "nSteps": 15}, {"Convergence": true, "QuadCompare": [[0.00011116293318025328, -0.0005564274418876636, -0.0011264254309298616], [-0.0005564274418876636, -0.00014274884372866836, -0.001425121144517101], [-0.0011264254309298616, -0.001425121144517101, 3.158591054130966e-05]], "QuadTotal": [[-0.4778519323638051, 0.33137979957552144, 0.0012875174217431007], [0.33137979957552144, 1.3322815717571643, -0.000661019419254727], [0.0012875174217431007, -0.000661019419254727, -0.8544296393933593]], "QuadLocal": [[-0.47796309529698533, 0.3319362270174091, 0.0024139428526729623], [0.3319362270174091, 1.332424320600893, 0.0007641017252623741], [0.0024139428526729623, 0.0007641017252623741, -0.8544612253039006]], "ValueCostV4": -2.3122088780539886e-05, "nSteps": 133}, {"Convergence": true, "QuadCompare": [[-0.0001817626125273364, 0.0006120032320147129, 0.00048788788708264974], [0.0006120032320147129, -0.00047501772464642045, 0.00050255446866386], [0.00048788788708264974, 0.00050255446866386, 0.0006567803371915204]], "QuadTotal": [[-1.5461329499672445, -0.06961323537070219, 1.1881973665865466], [-0.06961323537070219, 1.0363296652049172, 0.06575393098276504], [1.1881973665865466, 0.06575393098276504, 0.5098032847623557]], "QuadLocal": [[-1.5459511873547171, -0.0702252386027169, 1.187709478699464], [-0.0702252386027169, 1.0368046829295636, 0.06525137651410118], [1.187709478699464, 0.06525137651410118, 0.5091465044251642]], "ValueCostV4": -7.716307514340691e-06, "nSteps": 16}, {"Convergence": true, "QuadCompare": [[0.0010370071281684545, 0.0004437124887811672, -0.0004518988585456851], [0.0004437124887811672, 0.000889975468894022, 0.0012251876087929353], [-0.0004518988585456851, 