[{"BasisSet": "aug-cc-pvtz", "LevelOfTheory": "scf", "Scheme": "V4", "Penalty": 0.0, "StartIndex": 0, "StopIndex": 5, "Cores": 1, "Memory": 2.0}, {"Convergence": true, "QuadCompare": [[-0.0002465048704642925, -5.440565182508392e-05, -0.0011901431082738112], [-5.440565182508392e-05, 0.0005311555553624281, 0.0011515492498784894], [-0.0011901431082738112, 0.0011515492498784894, -0.00028465068489724743]], "QuadTotal": [[0.0001300723082291455, -2.0445210504271144e-05, -3.5402421456554034e-05], [-2.0445210504271144e-05, 3.104794850594672e-05, -0.00014977278853990292], [-3.5402421456554034e-05, -0.00014977278853990292, -0.00016112025673420405]], "QuadLocal": [[0.000376577178693438, 3.396044132081277e-05, 0.0011547406868172572], [3.396044132081277e-05, -0.0005001076068564814, -0.0013013220384183923], [0.0011547406868172572, -0.0013013220384183923, 0.00012353042816304338]], "ValueCostV4": -1.885728559287474e-05, "nSteps": 10}, {"Convergence": true, "QuadCompare": [[2.5434375260147135e-05, 4.8104214001032375e-08, 0.0006456410666696374], [4.8104214001032375e-08, 0.00022853133630107436, 0.00016266893831573317], [0.0006456410666696374, 0.00016266893831573317, -0.00025396571155411607]], "QuadTotal": [[-0.136730754870797, 0.0005821135660702415, -0.0009543397926902245], [0.0005821135660702415, 0.06836173656114397, -3.7642636719925377e-06], [-0.0009543397926902245, -3.7642636719925377e-06, 0.06836901830967079]], "QuadLocal": [[-0.13675618924605715, 0.0005820654618562404, -0.001599980859359862], [0.0005820654618562404, 0.0681332052248429, -0.0001664332019877257], [-0.001599980859359862, -0.0001664332019877257, 0.06862298402122491]], "ValueCostV4": -3.2008760378899215e-06, "nSteps": 13}, {"Convergence": true, "QuadCompare": [[-0.003636647110667468, -3.208614816604862e-05, 3.4546015440845174e-05], [-3.208614816604862e-05, 0.00024971901316206413, -0.00021652058127290277], [3.4546015440845174e-05, -0.00021652058127290277, 0.003386928097501851]], "QuadTotal": [[0.2795588120424526, -6.104035824713774e-05, -3.5253138942858448e-15], [-6.104035824713774e-05, 0.25141030298838274, -1.6211151064165227e-15], [-3.5253138942858448e-15, -1.6211151064165227e-15, -0.530969115030846]], "QuadLocal": [[0.28319545915312005, -2.8954210081089116e-05, -3.454601544437049e-05], [-2.8954210081089116e-05, 0.2511605839752207, 0.00021652058127128164], [-3.454601544437049e-05, 0.00021652058127128164, -0.5343560431283478]], "ValueCostV4": -7.924741511850837e-05, "nSteps": 18}, {"Convergence": true, "QuadCompare": [[-0.11255009446134778, -0.0003190522712565605, 4.347899385623527e-06], [-0.0003190522712565605, 0.05628746584635991, -5.478994858536766e-06], [4.347899385623527e-06, -5.478994858536766e-06, 0.05626262861498077]], "QuadTotal": [[1.0209939052414683, -1.5598346655401515e-15, 2.8322724638189763e-15], [-1.5598346655401515e-15, -0.51049695261867, 1.936905057984005e-15], [2.8322724638189763e-15, 1.936905057984005e-15, -0.5104969526228018]], "QuadLocal": [[1.133543999702816, 0.0003190522712550007, -4.347899382791255e-06], [0.0003190522712550007, -0.5667844184650299, 5.478994860473671e-06], [-4.347899382791255e-06, 5.478994860473671e-06, -0.5667595812377826]], "ValueCostV4": -0.06057914431433741, "nSteps": 23}, {"Convergence": true, "QuadCompare": [[0.00022681572940541628, -0.00020782844138267365, 0.0006194480818046966], [-0.00020782844138267365, -0.00020339969273663883, -0.001142165683050922], [0.0006194480818046966, -0.001142165683050922, -2.3416036682988306e-05]], "QuadTotal": [[-1.060809813369417, -0.8061641206646186, -0.6510840438143723], [-0.8061641206646186, 0.3476994336154462, -0.5900207789917002], [-0.6510840438143723, -0.5900207789917002, 0.7131103797539566]], "QuadLocal": [[-1.0610366290988225, -0.805956292223236, -0.651703491896177], [-0.805956292223236, 0.34790283330818284, -0.5888786133086493], [-0.651703491896177, -0.5888786133086493, 0.7131337957906396]], "ValueCostV4": -1.1337828107971436e-05, "nSteps": 14}]