[{"BasisSet": "aug-cc-pvtz", "LevelOfTheory": "scf", "Scheme": "V4", "Penalty": 0.0, "StartIndex": 0, "StopIndex": 300, "Cores": 8, "Memory": 16.0}, {"Convergence": true, "QuadCompare": [[3.7364059282118944e-05, 0.0003050423883817939, 5.326582927546453e-05], [0.0003050423883817939, 7.661281360560324e-05, -0.0007167823629154082], [5.326582927546453e-05, -0.0007167823629154082, -0.00011397687289038672]], "QuadTotal": [[0.00013007230554773486, -2.0445209440177886e-05, -3.5402416028937345e-05], [-2.0445209440177886e-05, 3.104795234998292e-05, -0.0001497727868032153], [-3.5402416028937345e-05, -0.0001497727868032153, -0.0001611202579008264]], "QuadLocal": [[9.270824626561591e-05, -0.0003254875978219718, -8.866824530440187e-05], [-0.0003254875978219718, -4.5564861255620315e-05, 0.0005670095761121929], [-8.866824530440187e-05, 0.0005670095761121929, -4.714338501043969e-05]], "ValueCostV4": -3.9519578652430065e-06, "nSteps": 10}, {"Convergence": true, "QuadCompare": [[-8.437848524067704e-05, 0.00044946499247258687, 0.00011952335940397518], [0.00044946499247258687, 0.0002263920412310938, 0.00038968047243089366], [0.00011952335940397518, 0.00038968047243089366, -0.00014201355598686405]], "QuadTotal": [[-0.13673075489846553, 0.0005821135611106254, -0.0009543398007745701], [0.0005821135611106254, 0.06836173658385647, -3.7642574996457243e-06], [-0.0009543398007745701, -3.7642574996457243e-06, 0.06836901831462328]], "QuadLocal": [[-0.13664637641322486, 0.00013264856863803853, -0.0010738631601785453], [0.00013264856863803853, 0.06813534454262538, -0.00039344472993053936], [-0.0010738631601785453, -0.00039344472993053936, 0.06851103187061014]], "ValueCostV4": -2.5978505850490978e-06, "nSteps": 14}, {"Convergence": true, "QuadCompare": [[-0.0011905778673906298, 0.0005595561566189614, -0.0008068113304522869], [0.0005595561566189614, -0.0001328069484110017, 0.0001575533389431743], [-0.0008068113304522869, 0.0001575533389431743, 0.0013233848157909733]], "QuadTotal": [[0.2795588120935548, -6.104036875006569e-05, 1.066624402066059e-14], [-6.104036875006569e-05, 0.25141030294340894, 1.0486987568670106e-15], [1.066624402066059e-14, 1.0486987568670106e-15, -0.530969115036978]], "QuadLocal": [[0.28074938996094545, -0.0006205965253690271, 0.0008068113304629532], [-0.0006205965253690271, 0.25154310989181994, -0.00015755333894212561], [0.0008068113304629532, -0.00015755333894212561, -0.5322924998527689]], "ValueCostV4": -1.6464127152822526e-05, "nSteps": 15}, {"Convergence": true, "QuadCompare": [[-0.11251491867037089, -6.172918688080908e-05, 0.0005563901075542483], [-6.172918688080908e-05, 0.05625706500626215, 3.3822049845218385e-07], [0.0005563901075542483, 3.3822049845218385e-07, 0.056257853664114066]], "QuadTotal": [[1.0209939051183596, -1.7406600229022196e-15, -1.896036012625975e-16], [-1.7406600229022196e-15, -0.5104969525568688, -9.183088185383058e-16], [-1.896036012625975e-16, -9.183088185383058e-16, -0.5104969525614873]], "QuadLocal": [[1.1335088237887305, 6.172918687906842e-05, -0.0005563901075544379], [6.172918687906842e-05, -0.5667540175631309, -3.3822049937049267e-07], [-0.0005563901075544379, -3.3822049937049267e-07, -0.5667548062256014]], "ValueCostV4": -0.06054263232178237, "nSteps": 21}, {"Convergence": true, "QuadCompare": [[-0.00029365119360136305, 8.360808575247347e-05, -0.0004069576194172253], [8.360808575247347e-05, 9.740986005368768e-05, 0.0002147951225518474], [-0.0004069576194172253, 0.0002147951225518474, 0.00019624133356188622]], "QuadTotal": [[-1.060809813343866, -0.8061641207058727, -0.6510840437835501], [-0.8061641207058727, 0.3476994335873158, -0.5900207789481428], [-0.6510840437835501, -0.5900207789481428, 0.7131103797565288]], "QuadLocal": [[-1.0605161621502646, -0.8062477287916252, -0.6506770861641329], [-0.8062477287916252, 0.3476020237272621, -0.5902355740706946], [-0.6506770861641329, -0.5902355740706946, 0.7129141384229669]], "ValueCostV4": -1.8226959416195128e-06, "nSteps": 17}, {"Convergence": true, "QuadCompare": [[5.0714116753169947e-05, 0.00041216024915868843, 0.0003592382198105426], [0.00041216024915868843, 0.0006881035310399852, -0.0005230487822074359], [0.0003592382198105426, -0.0005230487822074359, -0.0007388176478002606]], "QuadTotal": [[-1.37427940785048, -1.6985203792464496, 0.44959511853931833], [-1.6985203792464496, 0.4010428996224391, 0.14727018162492778], [0.44959511853931833, 0.14727018162492778, 0.9732365082280552]], "QuadLocal": [[-1.3743301219672333, -1.6989325394956083, 0.4492358803195078], [-1.6989325394956083, 0.4003547960913991, 0.1477932304071352], [0.4492358803195078, 0.1477932304071352, 0.9739753258758554]], "ValueCostV4": -6.908434221524855e-06, "nSteps": 24}, {"Convergence": true, "QuadCompare": [[0.0003811518560894456, 0.00017536693978570383, 0.002593616145740718], [0.00017536693978570383, -0.00017709158843359774, -0.0007346856312203665], [0.002593616145740718, -0.0007346856312203665, -0.00020406026761321527]], "QuadTotal": [[-0.39371651031203214, 0.8510108412089963, -0.001323347543350617], [0.8510108412089963, 0.31650140736029897, -0.0009331347176999016], [-0.001323347543350617, -0.0009331347176999016, 0.07721510295171896]], "QuadLocal": [[-0.3940976621681216, 0.8508354742692106, -0.003916963689091335], [0.8508354742692106, 0.31667849894873257, -0.00019844908647953519], [-0.003916963689091335, -0.00019844908647953519, 0.07741916321933218]], "ValueCostV4": -4.7225715368935736e-05, "nSteps": 18}, {"Convergence": true, "QuadCompare": [[-0.00025501952375517334, -0.00021209223602534216, -0.00035795486976719637], [-0.00021209223602534216, -0.0002381437724254809, 0.000845955701950396], [-0.00035795486976719637, 0.000845955701950396, 0.0004931632961824306]], "QuadTotal": [[-0.16037297847299214, -0.0011905883770439787, -0.03262750548024396], [-0.0011905883770439787, -0.16195792630146322, 0.017265686896510535], [-0.03262750548024396, 0.017265686896510535, 0.32233090477445536]], "QuadLocal": [[-0.16011795894923697, -0.0009784961410186366, -0.03226955061047676], [-0.0009784961410186366, -0.16171978252903774, 0.01641973119456014], [-0.03226955061047676, 0.01641973119456014, 0.32183774147827293]], "ValueCostV4": -6.830461765323418e-06, "nSteps": 11}, {"Convergence": true, "QuadCompare": [[-0.00015325139256106013, -0.00020922375593812603, -0.00020062121633179775], [-0.00020922375593812603, 0.0005544539996407138, -0.001068246481004717], [-0.00020062121633179775, -0.001068246481004717, -0.00040120260705833743]], "QuadTotal": [[-0.04736619552386401, -0.08886143726569173, -0.0002588313317357649], [-0.08886143726569173, -0.06909271036553832, 0.00018493808075699392], [-0.0002588313317357649, 0.00018493808075699392, 0.11645890588943075]], "QuadLocal": [[-0.04721294413130295, -0.08865221350975361, -5.8210115403967144e-05], [-0.08865221350975361, -0.06964716436517904, 0.001253184561761711], [-5.8210115403967144e-05, 0.001253184561761711, 0.11686010849648909]], "ValueCostV4": -9.380157904409522e-06, "nSteps": 18}, {"Convergence": true, "QuadCompare": [[-0.00033621394547367345, -0.00021950533762549185, -0.0001874538566315788], [-0.00021950533762549185, 0.0006339592250910187, -0.0005840080255134494], [-0.0001874538566315788, -0.0005840080255134494, -0.0002977452796670832]], "QuadTotal": [[-0.09228792232417504, -0.13964697033345175, 0.005820128574301666], [-0.13964697033345175, 0.3748626581081069, -0.012334763341423582], [0.005820128574301666, -0.012334763341423582, -0.2825747357839603]], "QuadLocal": [[-0.09195170837870137, -0.13942746499582626, 0.006007582430933245], [-0.13942746499582626, 0.3742286988830159, -0.011750755315910133], [0.006007582430933245, -0.011750755315910133, -0.2822769905042932]], "ValueCostV4": -4.630339280348438e-06, "nSteps": 15}, {"Convergence": true, "QuadCompare": [[0.0008606556735344384, -0.00022427348987201327, -0.00012848483552239942], [-0.00022427348987201327, -0.0020466955570981327, -0.0013341698617401337], [-0.00012848483552239942, -0.0013341698617401337, 0.0011860398835779051]], "QuadTotal": [[0.3847840333941406, 0.0013497483426856988, 0.010270481529825973], [0.0013497483426856988, -0.19522124848091238, 0.006101759076786648], [0.010270481529825973, 0.006101759076786648, -0.1895627849132282]], "QuadLocal": [[0.38392337772060614, 0.001574021832557712, 0.010398966365348372], [0.001574021832557712, -0.19317455292381425, 0.007435928938526782], [0.010398966365348372, 0.007435928938526782, -0.1907488247968061]], "ValueCostV4": -3.19769485122495e-05, "nSteps": 18}, {"Convergence": true, "QuadCompare": [[5.0964533242492394e-05, 0.0002622282272362053, 0.0002780068178815931], [0.0002622282272362053, -0.0001507717808522102, 0.0003610479695624891], [0.0002780068178815931, 0.0003610479695624891, 9.980724761504689e-05]], "QuadTotal": [[-0.3111522818002985, 0.24285301818219773, 0.44731999957615765], [0.24285301818219773, 0.012788415036146361, -0.2391965043674183], [0.44731999957615765, -0.2391965043674183, 0.2983638667641557]], "QuadLocal": [[-0.311203246333541, 0.24259078995496153, 0.44704199275827605], [0.24259078995496153, 0.012939186816998571, -0.23955755233698078], [0.44704199275827605, -0.23955755233698078, 0.29826405951654067]], "ValueCostV4": -1.8749533257482056e-06, "nSteps": 12}, {"Convergence": true, "QuadCompare": [[0.0004148049355023886, -8.83937389772882e-05, -0.0001738768036617655], [-8.83937389772882e-05, -2.747049113338562e-05, -0.0004554382100971921], [-0.0001738768036617655, -0.0004554382100971921, -0.0003873344443903193]], "QuadTotal": [[0.6320930927570316, -0.2480080284045698, -0.6285881197178381], [-0.2480080284045698, -0.5013832385013259, -0.6154041782796681], [-0.6285881197178381, -0.6154041782796681, -0.13070985425574833]], "QuadLocal": [[0.6316782878215292, -0.24791963466559253, -0.6284142429141764], [-0.24791963466559253, -0.5013557680101925, -0.6149487400695709], [-0.6284142429141764, -0.6149487400695709, -0.130322519811358]], "ValueCostV4": -2.5944550727394792e-06, "nSteps": 16}, {"Convergence": true, "QuadCompare": [[-0.0011494049348073077, 0.000516580982228018, 0.0005062948375561956], [0.000516580982228018, 7.718707247050816e-05, 0.0003179817465392369], [0.0005062948375561956, 0.0003179817465392369, 0.0010722178623012724]], "QuadTotal": [[-2.990271945606395, 9.272787649753661e-07, -1.4394418122590877e-06], [9.272787649753661e-07, 1.4951351846015513, -2.402949470658598e-06], [-1.4394418122590877e-06, -2.402949470658598e-06, 1.4951367610048294]], "QuadLocal": [[-2.9891225406715876, -0.0005156537034630426, -0.0005077342793684547], [-0.0005156537034630426, 1.4950579975290808, -0.0003203846960098955], [-0.0005077342793684547, -0.0003203846960098955, 1.4940645431425281]], "ValueCostV4": -1.1876873376483774e-05, "nSteps": 17}, {"Convergence": true, "QuadCompare": [[9.390809796627764e-05, 7.062348334585522e-05, 0.00034156126496065475], [7.062348334585522e-05, 7.022015817881311e-05, -0.0006009644370549849], [0.00034156126496065475, -0.0006009644370549849, -0.00016412825615219617]], "QuadTotal": [[-0.1612403988310689, 0.31237664990870684, -0.7176234892322066], [0.31237664990870684, 0.08390450911107195, 0.27974529592104663], [-0.7176234892322066, 0.27974529592104663, 0.07733588972001115]], "QuadLocal": [[-0.16133430692903517, 0.312306026425361, -0.7179650504971673], [0.312306026425361, 0.08383428895289313, 0.2803462603581016], [-0.7179650504971673, 0.2803462603581016, 0.07750001797616335]], "ValueCostV4": -3.208235941860113e-06, "nSteps": 13}, {"Convergence": true, "QuadCompare": [[8.836256568667267e-05, 9.551620583891918e-05, 2.3040351343539545e-05], [9.551620583891918e-05, -8.947580837048719e-05, -3.1635434063842505e-05], [2.3040351343539545e-05, -3.1635434063842505e-05, 1.1132426802618056e-06]], "QuadTotal": [[-0.30343392505159095, 0.35345666537283216, -0.02127119831586849], [0.35345666537283216, 0.16765395960542406, 0.01143689565991643], [-0.02127119831586849, 0.01143689565991643, 0.13577996544616955]], "QuadLocal": [[-0.3035222876172776, 0.35336114916699324, -0.02129423866721203], [0.35336114916699324, 0.16774343541379455, 0.011468531093980272], [-0.02129423866721203, 0.011468531093980272, 0.1357788522034893]], "ValueCostV4": -1.1835953299839826e-07, "nSteps": 11}, {"Convergence": true, "QuadCompare": [[-0.00036579323960950205, -5.055063305572292e-05, 8.91548445948437e-05], [-5.055063305572292e-05, 0.0009095469401785294, -0.0005197608226858325], [8.91548445948437e-05, -0.0005197608226858325, -0.0005437537005263948]], "QuadTotal": [[0.9105982003628696, -1.658435937267646e-06, -4.933410406057766e-06], [-1.658435937267646e-06, -0.45529778762897877, 2.777629289881461e-11], [-4.933410406057766e-06, 2.777629289881461e-11, -0.4553004127339193]], "QuadLocal": [[0.9109639936024791, 4.889219711845527e-05, -9.408825500090146e-05], [4.889219711845527e-05, -0.4562073345691573, 0.0005197608504621254], [-9.408825500090146e-05, 0.0005197608504621254, -0.4547566590333929]], "ValueCostV4": -5.796201114245941e-06, "nSteps": 22}, {"Convergence": true, "QuadCompare": [[-0.00030078534985023, -0.00035633838437831855, -0.00022999157997816155], [-0.00035633838437831855, 5.4435049236190025e-05, -0.00015392600928265665], [-0.00022999157997816155, -0.00015392600928265665, 0.0002463503005998291]], "QuadTotal": [[-0.46494747225609956, -0.12177801132088462, 0.04137058856294118], [-0.12177801132088462, 0.11453625116061517, -0.1540828951062423], [0.04137058856294118, -0.1540828951062423, 0.3504112210954702]], "QuadLocal": [[-0.46464668690624933, -0.1214216729365063, 0.04160058014291934], [-0.1214216729365063, 0.11448181611137898, -0.15392896909695963], [0.04160058014291934, -0.15392896909695963, 0.35016487079487035]], "ValueCostV4": -1.7893556670676891e-06, "nSteps": 20}, {"Convergence": true, "QuadCompare": [[-3.268229127684208e-05, 0.0006731853201671356, -0.0001786961709731548], [0.0006731853201671356, -0.0004053990862757928, 6.387386712604923e-05], [-0.0001786961709731548, 6.387386712604923e-05, 0.0004380813775810566]], "QuadTotal": [[-0.4879561652286668, -0.10858488455012605, 0.00029926530764740403], [-0.10858488455012605, 0.6156396593884352, -1.0407425842748255e-05], [0.00029926530764740403, -1.0407425842748255e-05, -0.12768349415978264]], "QuadLocal": [[-0.48792348293738996, -0.10925806987029318, 0.0004779614786205588], [-0.10925806987029318, 0.616045058474711, -7.428129296879749e-05], [0.0004779614786205588, -7.428129296879749e-05, -0.1281215755373637]], "ValueCostV4": -4.258421999250255e-06, "nSteps": 51}, {"Convergence": true, "QuadCompare": [[-0.00013632312070477326, -3.4692094953991948e-06, -0.0002955388191908659], [-3.4692094953991948e-06, -0.0005714534460796727, 4.6635813792772485e-05], [-0.0002955388191908659, 4.6635813792772485e-05, 0.0007077765667879987]], "QuadTotal": [[0.12454094260130333, -0.303988984921612, 0.10534291183476274], [-0.303988984921612, -0.6286215846460905, 0.3435697963399644], [0.10534291183476274, 0.3435697963399644, 0.5040806420447836]], "QuadLocal": [[0.1246772657220081, -0.3039855157121166, 0.10563845065395361], [-0.3039855157121166, -0.6280501312000109, 0.3435231605261716], [0.10563845065395361, 0.3435231605261716, 0.5033728654779956]], "ValueCostV4": -3.2683104890470535e-06, "nSteps": 14}, {"Convergence": true, "QuadCompare": [[0.00022072855611554587, -0.0004199399352993183, 0.0005980735489004019], [-0.0004199399352993183, -0.0006912482840419898, -0.0004094105080871824], [0.0005980735489004019, -0.0004094105080871824, 0.00047051972795486563]], "QuadTotal": [[0.9840867425951956, -0.46188181991563226, 0.8049207460232779], [-0.46188181991563226, -0.4541799408975038, 0.5905178828383859], [0.8049207460232779, 0.5905178828383859, -0.5299068016976349]], "QuadLocal": [[0.98386601403908, -0.46146187998033295, 0.8043226724743775], [-0.46146187998033295, -0.4534886926134618, 0.5909272933464731], [0.8043226724743775, 0.5909272933464731, -0.5303773214255898]], "ValueCostV4": -6.858459588713208e-06, "nSteps": 14}, {"Convergence": true, "QuadCompare": [[-0.00038876217470829033, 0.0005859930236766786, -7.741504532088328e-06], [0.0005859930236766786, -0.0009662404549999337, 7.056249090786615e-05], [-7.741504532088328e-06, 7.056249090786615e-05, 0.0013550026298077]], "QuadTotal": [[-0.8532898740118924, 0.508249195446254, 1.3013917122931362], [0.508249195446254, 0.6834340217292265, 0.1802621037208192], [1.3013917122931362, 0.1802621037208192, 0.16985585228276534]], "QuadLocal": [[-0.8529011118371841, 0.5076632024225773, 1.3013994537976683], [0.5076632024225773, 0.6844002621842264, 0.18019154122991132], [1.3013994537976683, 0.18019154122991132, 0.16850084965295764]], "ValueCostV4": -1.1533500051319814e-05, "nSteps": 21}, {"Convergence": true, "QuadCompare": [[-0.023444790574245644, -0.017172129695680383, 0.0014581143232802523], [-0.017172129695680383, -0.017315427046796117, -0.0008906458366927963], [0.0014581143232802523, -0.0008906458366927963, 0.04076021762101334]], "QuadTotal": [[-1.160513741867078, -2.850653460882924, 2.0850448327532993e-14], [-2.850653460882924, 0.00336898227600102, 1.7045107102706225e-15], [2.0850448327532993e-14, 1.7045107102706225e-15, 1.1571447595910627]], "QuadLocal": [[-1.1370689512928323, -2.8334813311872438, -0.0014581143232594018], [-2.8334813311872438, 0.020684409322797137, 0.0008906458366945008], [-0.0014581143232594018, 0.0008906458366945008, 1.1163845419700493]], "ValueCostV4": -0.0099038508997382, "nSteps": 48}, {"Convergence": true, "QuadCompare": [[-0.516499464808021, 1.602953070667308e-05, -0.00014875057374090538], [1.602953070667308e-05, 0.25824952607524665, 4.3368355911349283e-07], [-0.00014875057374090538, 4.3368355911349283e-07, 0.25824993873276014]], "QuadTotal": [[-2.897353403131035, 6.143972849961276e-14, 1.722830066216631e-14], [6.143972849961276e-14, 1.4486767015665265, -1.7526655338254961e-15], [1.722830066216631e-14, -1.7526655338254961e-15, 1.4486767015644517]], "QuadLocal": [[-2.380853938323014, -1.6029530645233353e-05, 0.00014875057375813368], [-1.6029530645233353e-05, 1.1904271754912799, -4.3368356086615837e-07], [0.00014875057375813368, -4.3368356086615837e-07, 1.1904267628316916]], "ValueCostV4": -1.2757528426504203, "nSteps": 50}, {"Convergence": true, "QuadCompare": [[0.0003363468024986105, 0.00021821906042163164, 0.0002130652397553945], [0.00021821906042163164, -0.0004905933252743466, -0.0001481575526840473], [0.0002130652397553945, -0.0001481575526840473, 0.00015424652279705242]], "QuadTotal": [[0.646839104283913, -0.2555090071627717, -0.5250025318889584], [-0.2555090071627717, -0.4716063072879848, -0.6562047255861208], [-0.5250025318889584, -0.6562047255861208, -0.175232796995914]], "QuadLocal": [[0.6465027574814144, -0.2557272262231933, -0.5252155971287138], [-0.2557272262231933, -0.47111571396271046, -0.6560565680334367], [-0.5252155971287138, -0.6560565680334367, -0.17538704351871104]], "ValueCostV4": -1.9369045505216192e-06, "nSteps": 12}, {"Convergence": true, "QuadCompare": [[-0.000558524053744236, -1.6808778866561624e-06, 0.00011566660018546421], [-1.6808778866561624e-06, 0.0007967084482487508, -0.00020938694334696997], [0.00011566660018546421, -0.00020938694334696997, -0.00023818439450451478]], "QuadTotal": [[-0.5620224983068169, -2.9699626785796482, 0.0003756238836570766], [-2.9699626785796482, -0.9438151929647844, -5.0364895468752975e-05], [0.0003756238836570766, -5.0364895468752975e-05, 1.5058376912715943]], "QuadLocal": [[-0.5614639742530727, -2.9699609977017616, 0.0002599572834716124], [-2.9699609977017616, -0.9446119014130332, 0.000159022047878217], [0.0002599572834716124, 0.000159022047878217, 1.5060758756660988]], "ValueCostV4": -3.5639239832438423e-06, "nSteps": 339}, {"Convergence": true, "QuadCompare": [[-0.00019154401451260128, 0.0003451466732474866, 0.00019201352086928303], [0.0003451466732474866, -0.0006523622093048687, -0.00015498448889933458], [0.00019201352086928303, -0.00015498448889933458, 0.0008439062238139172]], "QuadTotal": [[-0.14196619824536683, 0.0010762271761007962, -0.02112212058590368], [0.0010762271761007962, -0.14158697198345394, -0.010238943484598362], [-0.02112212058590368, -0.010238943484598362, 0.28355317022882787]], "QuadLocal": [[-0.14177465423085422, 0.0007310805028533096, -0.021314134106772964], [0.0007310805028533096, -0.14093460977414907, -0.010083958995699027], [-0.021314134106772964, -0.010083958995699027, 0.28270926400501395]], "ValueCostV4": -4.892098131227762e-06, "nSteps": 12}, {"Convergence": true, "QuadCompare": [[-4.405928257256164e-05, 4.131275164809267e-05, 0.00014586182863851604], [4.131275164809267e-05, -0.0012686734712445968, 0.0004915285238886735], [0.00014586182863851604, 0.0004915285238886735, 0.0013127327538029476]], "QuadTotal": [[0.27819204730963065, -0.10919012946168039, 0.4029936083965806], [-0.10919012946168039, -0.28067128855117573, 0.5491063036108805], [0.4029936083965806, 0.5491063036108805, 0.0024792412415450826]], "QuadLocal": [[0.2782361065922032, -0.10923144221332848, 0.4028477465679421], [-0.10923144221332848, -0.27940261507993114, 0.5486147750869919], [0.4028477465679421, 0.5486147750869919, 0.001166508487742135]], "ValueCostV4": -1.2318620347338778e-05, "nSteps": 21}, {"Convergence": true, "QuadCompare": [[-0.00019533765163259886, 0.00032971022310512854, 0.00038434318450697447], [0.00032971022310512854, -0.0004293835447839456, 0.0011195527420553297], [0.00038434318450697447, 0.0011195527420553297, 0.0006247211963454902]], "QuadTotal": [[-0.12609566745589973, 0.09517028284385287, -0.7514658872787194], [0.09517028284385287, 0.22971708113141176, 0.05765120899883347], [-0.7514658872787194, 0.05765120899883347, -0.10362141367558309]], "QuadLocal": [[-0.12590032980426713, 0.09484057262074774, -0.7518502304632264], [0.09484057262074774, 0.2301464646761957, 0.05653165625677814], [-0.7518502304632264, 0.05653165625677814, -0.10424613487192858]], "ValueCostV4": -1.1580731826767996e-05, "nSteps": 16}, {"Convergence": true, "QuadCompare": [[5.574421015808184e-05, -0.0005614731078900093, 0.0010789921916938283], [-0.0005614731078900093, -0.00027145899526459516, -0.00013948832411614376], [0.0010789921916938283, -0.00013948832411614376, 0.00021571478508519704]], "QuadTotal": [[-0.046462572982932215, 0.2768461952622765, -0.4959985312930044], [0.2768461952622765, 0.1579864799311892, 0.21802286549475625], [-0.4959985312930044, 0.21802286549475625, -0.1115239069482783]], "QuadLocal": [[-0.0465183171930903, 0.2774076683701665, -0.49707752348469825], [0.2774076683701665, 0.1582579389264538, 0.2181623538188724], [-0.49707752348469825, 0.2181623538188724, -0.11173962173336349]], "ValueCostV4": -9.950768405998588e-06, "nSteps": 12}, {"Convergence": true, "QuadCompare": [[-0.00012255175226982828, 2.7559289648371177e-05, 0.00018700983591202203], [2.7559289648371177e-05, -0.0001303316118139719, -0.00019885072572478624], [0.00018700983591202203, -0.00019885072572478624, 0.0002528833640553785]], "QuadTotal": [[0.16106123739734812, -0.02592525862009798, 0.2387229613592723], [-0.02592525862009798, 0.08329656186097623, 0.033641153461360984], [0.2387229613592723, 0.033641153461360984, -0.24435779925836698]], "QuadLocal": [[0.16118378914961795, -0.02595281790974635, 0.23853595152336027], [-0.02595281790974635, 0.0834268934727902, 0.03384000418708577], [0.23853595152336027, 0.03384000418708577, -0.24461068262242236]], "ValueCostV4": -7.858822093960841e-07, "nSteps": 14}, {"Convergence": true, "QuadCompare": [[0.00031020867537279173, -0.0012510332598765217, 0.0008035202172216316], [-0.0012510332598765217, 0.0003010815745341233, 0.00015027630282915538], [0.0008035202172216316, 0.00015027630282915538, -0.0006112902498642825]], "QuadTotal": [[-0.4394238271878379, 0.0006524476730191964, 0.09422890067418876], [0.0006524476730191964, 0.12030773982203158, -0.2004141331688274], [0.09422890067418876, -0.2004141331688274, 0.3191160873657708]], "QuadLocal": [[-0.4397340358632107, 0.001903480932895718, 0.09342538045696713], [0.001903480932895718, 0.12000665824749746, -0.20056440947165655], [0.09342538045696713, -0.20056440947165655, 0.3197273776156351]], "ValueCostV4": -1.6027280873659137e-05, "nSteps": 28}, {"Convergence": true, "QuadCompare": [[0.0005694179784683229, 8.122863621906617e-05, 5.99140734192094e-07], [8.122863621906617e-05, -0.0008060912485490235, -8.243077290193135e-05], [5.99140734192094e-07, -8.243077290193135e-05, 0.0002366732701091223]], "QuadTotal": [[-0.29482330061388495, 0.013224293562515754, 0.0031141611363281196], [0.013224293562515754, 0.7435080756959636, -0.14635110081718872], [0.0031141611363281196, -0.14635110081718872, -0.44868477508200044]], "QuadLocal": [[-0.2953927185923533, 0.013143064926296688, 0.0031135619955939275], [0.013143064926296688, 0.7443141669445126, -0.14626867004428679], [0.0031135619955939275, -0.14626867004428679, -0.44892144835210956]], "ValueCostV4": -3.3692777338984357e-06, "nSteps": 19}, {"Convergence": true, "QuadCompare": [[-0.00010517323272729584, 0.0003390512330965767, -9.072764491177554e-05], [0.0003390512330965767, 0.0003222365550019646, 0.00014193282322061407], [-9.072764491177554e-05, 0.00014193282322061407, -0.0002170633222799978]], "QuadTotal": [[0.3393511199940136, -0.3345786545512905, 0.031274272028751354], [-0.3345786545512905, -0.5429993156697464, 0.06052043103668647], [0.031274272028751354, 0.06052043103668647, 0.20364819567571857]], "QuadLocal": [[0.33945629322674087, -0.33491770578438707, 0.03136499967366313], [-0.33491770578438707, -0.5433215522247483, 0.06037849821346586], [0.03136499967366313, 0.06037849821346586, 0.20386525899799857]], "ValueCostV4": -1.430444043334302e-06, "nSteps": 12}, {"Convergence": true, "QuadCompare": [[0.00043473424727835663, 1.1475957531814629e-05, -0.00026550846174444587], [1.1475957531814629e-05, 0.0004595895474039935, 8.076636314324759e-05], [-0.00026550846174444587, 8.076636314324759e-05, -0.0008943237946681393]], "QuadTotal": [[-0.5292963365964738, -1.4684398459800665, 0.5499594837341348], [-1.4684398459800665, 0.10249469232583408, 0.5242114490758887], [0.5499594837341348, 0.5242114490758887, 0.4268016442705971]], "QuadLocal": [[-0.5297310708437521, -1.4684513219375983, 0.5502249921958793], [-1.4684513219375983, 0.10203510277843009, 0.5241306827127454], [0.5502249921958793, 0.5241306827127454, 0.4276959680652652]], "ValueCostV4": -4.317777191582037e-06, "nSteps": 13}, {"Convergence": true, "QuadCompare": [[0.0006888798679369756, -0.00014489034404618906, 2.4963340842898418e-05], [-0.00014489034404618906, -0.0007322968049408018, 0.00011375266728230748], [2.4963340842898418e-05, 0.00011375266728230748, 4.341693698961535e-05]], "QuadTotal": [[-1.272285015533214, -1.2311101471094332, 1.2906830645729093], [-1.2311101471094332, 0.22957998995390483, 0.1825669007729407], [1.2906830645729093, 0.1825669007729407, 1.042705025579238]], "QuadLocal": [[-1.272973895401151, -1.230965256765387, 1.2906581012320664], [-1.230965256765387, 0.23031228675884563, 0.18245314810565838], [1.2906581012320664, 0.18245314810565838, 1.0426616086422484]], "ValueCostV4": -3.4489505190826527e-06, "nSteps": 28}, {"Convergence": true, "QuadCompare": [[-0.03998812320651268, -0.0015836296436901875, 0.0036303286853405226], [-0.0015836296436901875, -4.498491917104275e-05, -0.002073398182182662], [0.0036303286853405226, -0.002073398182182662, 0.04003310812571215]], "QuadTotal": [[-3.1878359510922962, -1.314743357626952, 0.08170113909721], [-1.314743357626952, 1.884499248704131, 0.06186107845309341], [0.08170113909721, 0.06186107845309341, 1.3033367023881794]], "QuadLocal": [[-3.1478478278857835, -1.3131597279832619, 0.07807081041186947], [-1.3131597279832619, 1.884544233623302, 0.06393447663527607], [0.07807081041186947, 0.06393447663527607, 1.2633035942624673]], "ValueCostV4": -0.01033486557003048, "nSteps": 54}, {"Convergence": true, "QuadCompare": [[-8.448504993907591e-05, -0.00018293327410173754, 0.00042563260164030225], [-0.00018293327410173754, -0.00048225758391140516, -2.0361219826625643e-05], [0.00042563260164030225, -2.0361219826625643e-05, 0.0005667426339073245]], "QuadTotal": [[-0.028455692741232497, -0.028874669431349143, 0.273609355198964], [-0.028874669431349143, -0.0697069502996186, -0.02892756778269412], [0.273609355198964, -0.02892756778269412, 0.09816264304087952]], "QuadLocal": [[-0.02837120769129342, -0.028691736157247405, 0.2731837225973237], [-0.028691736157247405, -0.06922469271570719, -0.028907206562867493], [0.2731837225973237, -0.028907206562867493, 0.09759590040697219]], "ValueCostV4": -3.159406978612799e-06, "nSteps": 13}, {"Convergence": true, "QuadCompare": [[-0.0001400406970617496, 2.964585101317141e-05, 0.0004925577991912178], [2.964585101317141e-05, -4.9034909970657736e-05, 6.11025311867408e-05], [0.0004925577991912178, 6.11025311867408e-05, 0.0001890756070253019]], "QuadTotal": [[-0.9202457061587666, -0.8367396484499441, -0.622399756100414], [-0.8367396484499441, 0.3075616575386917, -0.6191638358208165], [-0.622399756100414, -0.6191638358208165, 0.6126840486200251]], "QuadLocal": [[-0.9201056654617048, -0.8367692943009573, -0.6228923138996052], [-0.8367692943009573, 0.30761069244866235, -0.6192249383520032], [-0.6228923138996052, -0.6192249383520032, 0.6124949730129998]], "ValueCostV4": -1.7605360286590494e-06, "nSteps": 12}, {"Convergence": true, "QuadCompare": [[0.0005168705804408091, 0.00013997295286394262, -0.0006531890081148961], [0.00013997295286394262, 0.00017351409368160375, 0.00047420483722296347], [-0.0006531890081148961, 0.00047420483722296347, -0.0006903846740868858]], "QuadTotal": [[-1.0403852676776353, -2.0814322149185323, -0.029660896250592317], [-2.0814322149185323, 0.13365492229844733, -0.01168773498356071], [-0.029660896250592317, -0.01168773498356071, 0.9067303453792164]], "QuadLocal": [[-1.040902138258076, -2.081572187871396, -0.02900770724247742], [-2.081572187871396, 0.13348140820476573, -0.012161939820783674], [-0.02900770724247742, -0.012161939820783674, 0.9074207300533033]], "ValueCostV4": -6.746490497719513e-06, "nSteps": 22}, {"Convergence": true, "QuadCompare": [[-0.00027864127798693517, 0.00034209685435371284, -0.0001754249977423683], [0.00034209685435371284, -0.0002304843709524107, 7.652094356558337e-05], [-0.0001754249977423683, 7.652094356558337e-05, 0.0005091256489180296]], "QuadTotal": [[-1.4982601142492626, -1.8758967610484234, -1.650462825142064], [-1.8758967610484234, 0.4214070600234052, -0.896440333645069], [-1.650462825142064, -0.896440333645069, 1.0768530542257935]], "QuadLocal": [[-1.4979814729712757, -1.8762388579027771, -1.6502874001443217], [-1.8762388579027771, 0.42163754439435763, -0.8965168545886346], [-1.6502874001443217, -0.8965168545886346, 1.0763439285768754]], "ValueCostV4": -2.2230554927233855e-06, "nSteps": 19}, {"Convergence": true, "QuadCompare": [[-0.00034609523055451064, -0.0005118852852064038, -4.679616412306409e-05], [-0.0005118852852064038, 0.0005261479704472549, -0.00039279799850022723], [-4.679616412306409e-05, -0.00039279799850022723, -0.0001800527399495877]], "QuadTotal": [[0.9943151644951627, -0.19516003290138428, -0.015257903767431857], [-0.19516003290138428, -0.6906410617484937, -0.012683940195346577], [-0.015257903767431857, -0.012683940195346577, -0.30367410274666895]], "QuadLocal": [[0.9946612597257172, -0.19464814761617788, -0.015211107603308793], [-0.19464814761617788, -0.691167209718941, -0.01229114219684635], [-0.015211107603308793, -0.01229114219684635, -0.30349405000671936]], "ValueCostV4": -4.03631415781367e-06, "nSteps": 28}, {"Convergence": true, "QuadCompare": [[-0.0006013820066641529, -0.0010448723871121501, 0.00046784808253974575], [-0.0010448723871121501, -0.00046200656417028085, -0.0005151678126882331], [0.00046784808253974575, -0.0005151678126882331, 0.0010633885707989066]], "QuadTotal": [[-0.775717863088289, 0.3141265398931381, -0.05145379534453198], [0.3141265398931381, 0.7122151165544892, 0.09628846937724234], [-0.05145379534453198, 0.09628846937724234, 0.06350274653379984]], "QuadLocal": [[-0.7751164810816249, 0.31517141228025025, -0.05192164342707173], [0.31517141228025025, 0.7126771231186595, 0.09680363718993057], [-0.05192164342707173, 0.09680363718993057, 0.06243935796300093]], "ValueCostV4": -1.548785791338793e-05, "nSteps": 19}, {"Convergence": true, "QuadCompare": [[3.7533826628077804e-05, 0.00029153036305834545, -0.00030281341508242576], [0.00029153036305834545, -0.0002682804085765156, 0.0010790072672259843], [-0.00030281341508242576, 0.0010790072672259843, 0.00023074658190580521]], "QuadTotal": [[0.4815706227811063, -0.041855821738919385, 0.2589190523006337], [-0.041855821738919385, -0.2907155991953374, 0.1645389836698612], [0.2589190523006337, 0.1645389836698612, -0.19085502358581152]], "QuadLocal": [[0.4815330889544782, -0.04214735210197773, 0.25922186571571615], [-0.04214735210197773, -0.2904473187867609, 0.1634599764026352], [0.25922186571571615, 0.1634599764026352, -0.19108577016771733]], "ValueCostV4": -8.953891415514937e-06, "nSteps": 11}, {"Convergence": true, "QuadCompare": [[-0.032621055276010225, -0.03218136717008235, 0.00013523722707656447], [-0.03218136717008235, -0.03657421719262999, 9.37336413653689e-05], [0.00013523722707656447, 9.37336413653689e-05, 0.06919527246866153]], "QuadTotal": [[1.2454370093589517, 1.0253388739343166, 1.3107812121940885e-14], [1.0253388739343166, 0.12612497100125353, 8.059163838910769e-15], [1.3107812121940885e-14, 8.059163838910769e-15, -1.3715619803602124]], "QuadLocal": [[1.278058064634962, 1.057520241104399, -0.00013523722706345665], [1.057520241104399, 0.16269918819388351, -9.373364135730974e-05], [-0.00013523722706345665, -9.373364135730974e-05, -1.440757252828874]], "ValueCostV4": -0.02952564122905483, "nSteps": 40}, {"Convergence": true, "QuadCompare": [[0.00011344131591783935, -0.0003121374380157249, 0.00015305074783000805], [-0.0003121374380157249, -0.0007724871966132696, -0.00048527018318011983], [0.00015305074783000805, -0.00048527018318011983, 0.0006590458806954302]], "QuadTotal": [[-0.11131337937470676, 0.0009076228412538967, 0.22756561869507763], [0.0009076228412538967, 0.2906183042663315, -0.01566250092375654], [0.22756561869507763, -0.01566250092375654, -0.17930492489165317]], "QuadLocal": [[-0.1114268206906246, 0.0012197602792696216, 0.22741256794724762], [0.0012197602792696216, 0.2913907914629448, -0.01517723074057642], [0.22741256794724762, -0.01517723074057642, -0.1799639707723486]], "ValueCostV4": -5.600357240499181e-06, "nSteps": 19}, {"Convergence": true, "QuadCompare": [[-0.0005999511168255367, 0.0004119784008338456, 9.662895772247215e-05], [0.0004119784008338456, -0.0007828842226942356, 0.00018713154575590064], [9.662895772247215e-05, 0.00018713154575590064, 0.0013828353395268778]], "QuadTotal": [[-0.03630707198986727, 0.08226157927065003, 0.0019715561830368766], [0.08226157927065003, 0.7805131467762791, 0.0031798170282432234], [0.0019715561830368766, 0.0031798170282432234, -0.7442060747863906]], "QuadLocal": [[-0.03570712087304173, 0.08184960086981619, 0.0018749272253144045], [0.08184960086981619, 0.7812960309989734, 0.002992685482487323], [0.0018749272253144045, 0.002992685482487323, -0.7455889101259174]], "ValueCostV4": -1.0563045192579852e-05, "nSteps": 19}, {"Convergence": true, "QuadCompare": [[0.00023512761953270456, 0.00028053531217153704, -0.00034730234634117174], [0.00028053531217153704, -0.002267673052671171, 0.00022691860263424068], [-0.00034730234634117174, 0.00022691860263424068, 0.0020325454331953097]], "QuadTotal": [[-0.5375018212834561, 0.3353990054503697, 0.05227472576347103], [0.3353990054503697, 0.5472550222276595, -0.013806232719895117], [0.05227472576347103, -0.013806232719895117, -0.009753200944160767]], "QuadLocal": [[-0.5377369489029888, 0.3351184701381982, 0.0526220281098122], [0.3351184701381982, 0.5495226952803307, -0.014033151322529358], [0.0526220281098122, -0.014033151322529358, -0.011785746377356077]], "ValueCostV4": -3.134083841296882e-05, "nSteps": 20}, {"Convergence": true, "QuadCompare": [[-6.8921850129299855e-06, 0.00022711141569686788, 0.00023185384317592206], [0.00022711141569686788, -2.0951581362282923e-05, -0.0001948894161358239], [0.00023185384317592206, -0.0001948894161358239, 2.7843766332580344e-05]], "QuadTotal": [[-0.2411648553941177, -0.05268494732651163, 0.0011555462374418513], [-0.05268494732651163, 0.04536349675113627, -0.002262837305550214], [0.0011555462374418513, -0.002262837305550214, 0.19580135864298143]], "QuadLocal": [[-0.24115796320910476, -0.0529120587422085, 0.0009236923942659292], [-0.0529120587422085, 0.04538444833249855, -0.00206794788941439], [0.0009236923942659292, -0.00206794788941439, 0.19577351487664885]], "ValueCostV4": -9.17852294660795e-07, "nSteps": 25}, {"Convergence": true, "QuadCompare": [[-0.001660926995441514, -0.0007060352695438255, 0.0016742286232900722], [-0.0007060352695438255, 0.0007267381131939032, -0.0012242869367210252], [0.0016742286232900722, -0.0012242869367210252, 0.000934188882268927]], "QuadTotal": [[-0.8093712029183848, -2.7101729145730005, 0.004459054120966741], [-2.7101729145730005, 0.49780939806979774, 0.003306414824137377], [0.004459054120966741, 0.003306414824137377, 0.31156180484856577]], "QuadLocal": [[-0.8077102759229433, -2.7094668793034566, 0.0027848254976766684], [-2.7094668793034566, 0.49708265995660383, 0.004530701760858402], [0.0027848254976766684, 0.004530701760858402, 0.31062761596629684]], "ValueCostV4": -4.386972155893842e-05, "nSteps": 13}, {"Convergence": true, "QuadCompare": [[-9.456268981011817e-05, -0.0005695327977122133, -0.0007559245815027538], [-0.0005695327977122133, 0.0018118957620600895, 0.00029524459992336105], [-0.0007559245815027538, 0.00029524459992336105, -0.0017173330722215496]], "QuadTotal": [[-4.034271147637071, -1.806231870357351, -0.059233571584371036], [-1.806231870357351, 2.173544192719973, -0.23207868644454221], [-0.059233571584371036, -0.23207868644454221, 1.8607269549171264]], "QuadLocal": [[-4.034176584947261, -1.8056623375596388, -0.05847764700286828], [-1.8056623375596388, 2.171732296957913, -0.23237393104446558], [-0.05847764700286828, -0.23237393104446558, 1.862444287989348]], "ValueCostV4": -2.6165139142098784e-05, "nSteps": 130}, {"Convergence": false, "QuadCompare": [[0.0030708395181875403, 0.013046986264640736, -0.002790440429077279], [0.013046986264640736, 0.005075249873414123, -0.003047034970867557], [-0.002790440429077279, -0.003047034970867557, -0.008146089391587452]], "QuadTotal": [[1.1136306499248434, 0.9318837306922916, -0.3463424098805099], [0.9318837306922916, -0.4182336765057997, -0.17384584780850076], [-0.3463424098805099, -0.17384584780850076, -0.6953969734190366]], "QuadLocal": [[1.1105598104066559, 0.9188367444276508, -0.3435519694514326], [0.9188367444276508, -0.4233089263792138, -0.1707988128376332], [-0.3435519694514326, -0.1707988128376332, -0.6872508840274492]], "ValueCostV4": -0.0015179836622984957, "nSteps": 999}, {"Convergence": true, "QuadCompare": [[4.8535100972912915e-05, -6.506600834654819e-05, -0.0007269899682817993], [-6.506600834654819e-05, -0.0004155103086276313, 0.000361746136277985], [-0.0007269899682817993, 0.000361746136277985, 0.00036697520768314007]], "QuadTotal": [[-1.0938067508761264, -0.9697223776007604, 1.4121759439137826], [-0.9697223776007604, 0.3396265214027636, 0.05991318065556123], [1.4121759439137826, 0.05991318065556123, 0.7541802294733913]], "QuadLocal": [[-1.0938552859770994, -0.9696573115924139, 1.4129029338820644], [-0.9696573115924139, 0.34004203171139125, 0.05955143451928324], [1.4129029338820644, 0.05955143451928324, 0.7538132542657081]], "ValueCostV4": -5.2186174340880455e-06, "nSteps": 20}, {"Convergence": true, "QuadCompare": [[-0.0001702600514477126, 4.752047046352459e-05, 0.0005310397030626746], [4.752047046352459e-05, -0.0002271514947622677, -0.000596059533760851], [0.0005310397030626746, -0.000596059533760851, 0.0003974115461602423]], "QuadTotal": [[-0.011194100211838531, -0.057867050279792664, 0.10417484061012772], [-0.057867050279792664, -0.03650477368608307, -0.06762757470423786], [0.10417484061012772, -0.06762757470423786, 0.047698873897900285]], "QuadLocal": [[-0.011023840160390819, -0.05791457075025619, 0.1036438009070650