[{"BasisSet": "aug-cc-pvtz", "LevelOfTheory": "scf", "Scheme": "V4", "Penalty": 0.0, "StartIndex": 0, "StopIndex": 3, "Cores": 1, "Memory": 2.0}, {"Convergence": true, "QuadCompare": [[-0.0006825079852772475, -0.00021461041083513377, -0.00023312924434486237], [-0.00021461041083513377, 0.0007859892588721884, -0.00046736667315655967], [-0.00023312924434486237, -0.00046736667315655967, -0.0001034812735971613]], "QuadTotal": [[0.00012999196540430802, -2.0429950876907355e-05, -3.5376938564174454e-05], [-2.0429950876907355e-05, 3.102712307390121e-05, -0.00014967849489230908], [-3.5376938564174454e-05, -0.00014967849489230908, -0.0001610190884790974]], "QuadLocal": [[0.0008124999506815556, 0.00019418045995822641, 0.00019775230578068792], [0.00019418045995822641, -0.0007549621357982872, 0.0003176881782642506], [0.00019775230578068792, 0.0003176881782642506, -5.75378148819361e-05]], "ValueCostV4": -5.52177567379193e-06, "nSteps": 10}, {"Convergence": true, "QuadCompare": [[0.0002614804527780734, -0.00016410598489949302, 4.062260121914102e-05], [-0.00016410598489949302, -0.0007392432106669844, -0.00033866912562239984], [4.062260121914102e-05, -0.00033866912562239984, 0.0004777627578711474]], "QuadTotal": [[-0.1367537377825272, 0.0005821957450609372, -0.0009544888121352582], [0.0005821957450609372, 0.0683732343011485, -3.7559410739199973e-06], [-0.0009544888121352582, -3.7559410739199973e-06, 0.06838050348137514]], "QuadLocal": [[-0.13701521823530527, 0.0007463017299604302, -0.0009951114133543992], [0.0007463017299604302, 0.06911247751181548, 0.00033491318454847985], [-0.0009951114133543992, 0.00033491318454847985, 0.067902740723504]], "ValueCostV4": -3.6015153758751114e-06, "nSteps": 21}, {"Convergence": true, "QuadCompare": [[-0.0011388594022321286, -0.0002721597221767738, 0.00023267592962891584], [-0.0002721597221767738, 0.00021912960113823488, -0.00010881045886547285], [0.00023267592962891584, -0.00010881045886547285, 0.0009197298011116573]], "QuadTotal": [[0.27955564651088594, -6.1008239987686824e-05, -2.0552092809008305e-15], [-6.1008239987686824e-05, 0.2514140749586744, -8.720409311236368e-16], [-2.0552092809008305e-15, -8.720409311236368e-16, -0.5309697214695603]], "QuadLocal": [[0.28069450591311806, 0.00021115148218908697, -0.00023267592963097106], [0.00021115148218908697, 0.25119494535753617, 0.00010881045886460081], [-0.00023267592963097106, 0.00010881045886460081, -0.531889451270672]], "ValueCostV4": -7.877919637825415e-06, "nSteps": 16}]