[{"BasisSet": "aug-cc-pvtz", "LevelOfTheory": "scf", "Scheme": "FB", "Penalty": 0.0, "StartIndex": 0, "StopIndex": 50, "Cores": 8, "Memory": 8.0}, {"Convergence": true, "QuadCompare": [[0.00020570870474401204, -9.058299290254368e-05, -4.599470715037357e-05], [-9.058299290254368e-05, 2.919368253051502e-05, -6.684511211195628e-05], [-4.599470715037357e-05, -6.684511211195628e-05, -0.00023490238727363888]], "QuadTotal": [[0.0001300723052208852, -2.0445209317491303e-05, -3.540241610927586e-05], [-2.0445209317491303e-05, 3.104795267772076e-05, -0.00014977278668084737], [-3.540241610927586e-05, -0.00014977278668084737, -0.00016112025789860596]], "QuadLocal": [[-7.563639952312684e-05, 7.013778358505238e-05, 1.0592291041097712e-05], [7.013778358505238e-05, 1.8542701472057388e-06, -8.292767456889109e-05], [1.0592291041097712e-05, -8.292767456889109e-05, 7.378212937503292e-05]], "ValueCostV4": -4.078429240801137e-07, "nSteps": 12}, {"Convergence": true, "QuadCompare": [[0.03238342366395841, -0.00018113508985470594, 0.0002330206535237911], [-0.00018113508985470594, -0.016130249857603474, -3.681706725155022e-07], [0.0002330206535237911, -3.681706725155022e-07, -0.01625317380635849]], "QuadTotal": [[-0.13673075489779762, 0.0005821135604288374, -0.0009543397996067127], [0.0005821135604288374, 0.06836173658400924, -3.764256973193172e-06], [-0.0009543397996067127, -3.764256973193172e-06, 0.06836901831379194]], "QuadLocal": [[-0.16911417856175603, 0.0007632486502835434, -0.0011873604531305038], [0.0007632486502835434, 0.08449198644161271, -3.39608630067767e-06], [-0.0011873604531305038, -3.39608630067767e-06, 0.08462219212015043]], "ValueCostV4": -0.005015594875991848, "nSteps": 16}, {"Convergence": true, "QuadCompare": [[-0.2194644465832738, -7.445866873690777e-05, -1.299235514386355e-05], [-7.445866873690777e-05, 0.12893344254722905, -2.694649024351054e-05], [-1.299235514386355e-05, -2.694649024351054e-05, 0.0905310040360483]], "QuadTotal": [[0.27955881209254585, -6.10403657890315e-05, 9.653628271776704e-15], [-6.10403657890315e-05, 0.25141030294342315, -1.1112049762469007e-16], [9.653628271776704e-15, -1.1112049762469007e-16, -0.5309691150359761]], "QuadLocal": [[0.49902325867581965, 1.341830294787627e-05, 1.2992355153517178e-05], [1.341830294787627e-05, 0.1224768603961941, 2.694649024339942e-05], [1.2992355153517178e-05, 2.694649024339942e-05, -0.6215001190720244]], "ValueCostV4": -0.23268331301669262, "nSteps": 19}, {"Convergence": true, "QuadCompare": [[-0.39091088814714325, 0.00019921947814149292, -0.00016189560955270603], [0.00019921947814149292, 0.19526479353120507, -0.000328378032969602], [-0.00016189560955270603, -0.000328378032969602, 0.1956460946159293]], "QuadTotal": [[1.020993905120907, -5.5573064545745454e-15, 3.2227062629295085e-15], [-5.5573064545745454e-15, -0.5104969525581868, -5.813839415285812e-16], [3.2227062629295085e-15, -5.813839415285812e-16, -0.5104969525627219]], "QuadLocal": [[1.4119047932680502, -0.0001992194781470502, 0.00016189560955592874], [-0.0001992194781470502, -0.7057617460893919, 0.00032837803296902057], [0.00016189560955592874, 0.00032837803296902057, -0.7061430471786512]], "ValueCostV4": -0.730773978842868, "nSteps": 17}, {"Convergence": true, "QuadCompare": [[0.07438888231706642, 0.025222454769945557, -0.030126374690652602], [0.025222454769945557, -0.03721711434553043, 0.049766238353424086], [-0.030126374690652602, 0.049766238353424086, -0.03717176797151467]], "QuadTotal": [[-1.0608098133437522, -0.8061641207058443, -0.6510840437852166], [-0.8061641207058443, 0.3476994335867829, -0.5900207789485582], [-0.6510840437852166, -0.5900207789485582, 0.7131103797569835]], "QuadLocal": [[-1.1351986956608187, -0.8313865754757899, -0.620957669094564], [-0.8313865754757899, 0.38491654793231334, -0.6397870173019823], [-0.620957669094564, -0.6397870173019823, 0.7502821477284982]], "ValueCostV4": -0.05209862831090306, "nSteps": 62}, {"Convergence": true, "QuadCompare": [[0.04994259671985901, -0.16493441718789015, 0.05719061388157343], [-0.16493441718789015, -0.154506718222315, 0.06925563781305133], [0.05719061388157343, 0.06925563781305133, 0.10456412150247019]], "QuadTotal": [[-1.3742794078503948, -1.6985203792468404, 0.44959511853924106], [-1.6985203792468404, 0.40104289962220463, 0.14727018162487315], [0.44959511853924106, 0.14727018162487315, 0.9732365082282044]], "QuadLocal": [[-1.4242220045702538, -1.5335859620589503, 0.39240450465766763], [-1.5335859620589503, 0.5555496178445196, 0.07801454381182182], [0.39240450465766763, 0.07801454381182182, 0.8686723867257342]], "ValueCostV4": -0.34381130113741504, "nSteps": 44}, {"Convergence": true, "QuadCompare": [[-0.02636578187011196, -0.023874927539907276, 0.00010952580688303182], [-0.023874927539907276, -0.009691066036761953, 0.0006587000925941666], [0.00010952580688303182, 0.0006587000925941666, 0.03605684790691299]], "QuadTotal": [[-0.39371651030944577, 0.8510108412083, -0.0013233475432210817], [0.8510108412083, 0.31650140735845866, -0.0009331347178125338], [-0.0013233475432210817, -0.0009331347178125338, 0.07721510295096579]], "QuadLocal": [[-0.3673507284393338, 0.8748857687482072, -0.0014328733501041135], [0.8748857687482072, 0.3261924733952206, -0.0015918348104067004], [-0.0014328733501041135, -0.0015918348104067004, 0.041158255044052794]], "ValueCostV4": -0.010297913668704717, "nSteps": 50}, {"Convergence": true, "QuadCompare": [[-0.08362223356960996, -0.0005374052871175532, -0.01700345805108827], [-0.0005374052871175532, -0.08466728121209499, 0.009149615911540454], [-0.01700345805108827, 0.009149615911540454, 0.16828951478170495]], "QuadTotal": [[-0.16037297847368315, -0.0011905883763604456, -0.03262750547987614], [-0.0011905883763604456, -0.16195792630140105, 0.01726568689591107], [-0.03262750547987614, 0.01726568689591107, 0.3223309047750842]], "QuadLocal": [[-0.07675074490407319, -0.0006531830892428925, -0.015624047428787868], [-0.0006531830892428925, -0.07729064508930605, 0.008116070984370616], [-0.015624047428787868, 0.008116070984370616, 0.15404138999337924]], "ValueCostV4": -0.13781896257103726, "nSteps": 21}, {"Convergence": true, "QuadCompare": [[0.022881450850519514, 0.027257988309969505, 4.191437176775947e-05], [0.027257988309969505, 0.0036960829392569394, 7.55493930578166e-05], [4.191437176775947e-05, 7.55493930578166e-05, -0.02657753378974803]], "QuadTotal": [[-0.04736619552375032, -0.08886143726579121, -0.00025883133186893614], [-0.08886143726579121, -0.06909271036487041, 0.0001849380802554368], [-0.00025883133186893614, 0.0001849380802554368, 0.11645890588864916]], "QuadLocal": [[-0.07024764637426983, -0.11611942557576072, -0.0003007457036366956], [-0.11611942557576072, -0.07278879330412735, 0.00010938868719762018], [-0.0003007457036366956, 0.00010938868719762018, 0.1430364396783972]], "ValueCostV4": -0.008702302222501953, "nSteps": 34}, {"Convergence": true, "QuadCompare": [[0.037842672760803, -0.16201244871187725, 0.005524305185799458], [-0.16201244871187725, -0.14211802679542274, 0.00481142238025048], [0.005524305185799458, 0.00481142238025048, 0.10427535403465527]], "QuadTotal": [[-0.09228792231465377, -0.13964697033446427, 0.005820128574659708], [-0.13964697033446427, 0.3748626581029839, -0.012334763341416505], [0.005820128574659708, -0.012334763341416505, -0.28257473578834436]], "QuadLocal": [[-0.13013059507545677, 0.022365478377412984, 0.00029582338886025017], [0.022365478377412984, 0.5169806848984067, -0.017146185721666984], [0.00029582338886025017, -0.017146185721666984, -0.3868500898229996]], "ValueCostV4": -0.27132978328300156, "nSteps": 26}, {"Convergence": true, "QuadCompare": [[-0.45690893428209733, 0.001345017371766422, 0.0013076647981116324], [0.001345017371766422, 0.22856843405461547, 0.002122956437016826], [0.0013076647981116324, 0.002122956437016826, 0.22834050022749608]], "QuadTotal": [[0.3847840334042303, 0.0013497483425673144, 0.01027048152930711], [0.0013497483425673144, -0.19522124848574407, 0.006101759077146418], [0.01027048152930711, 0.006101759077146418, -0.18956278491849332]], "QuadLocal": [[0.8416929676863276, 4.7309708008924645e-06, 0.008962816731195478], [4.7309708008924645e-06, -0.42378968254035954, 0.003978802640129592], [0.008962816731195478, 0.003978802640129592, -0.4179032851459894]], "ValueCostV4": -0.9984086667491509, "nSteps": 66}, {"Convergence": true, "QuadCompare": [[-0.06272334448062367, -0.03414925703965821, -0.04092062458249701], [-0.03414925703965821, -0.10760048987391002, 0.02195862851168251], [-0.04092062458249701, 0.02195862851168251, 0.17032383435453635]], "QuadTotal": [[-0.3111522817996839, 0.2428530181830285, 0.44731999957596147], [0.2428530181830285, 0.012788415035860368, -0.239196504367566], [0.44731999957596147, -0.239196504367566, 0.29836386676382265]], "QuadLocal": [[-0.24842893731906024, 0.2770022752226867, 0.4882406241584585], [0.2770022752226867, 0.12038890490977039, -0.2611551328792485], [0.4882406241584585, -0.2611551328792485, 0.1280400324092863]], "ValueCostV4": -0.16313001256809068, "nSteps": 25}, {"Convergence": true, "QuadCompare": [[0.010344539953052845, 0.02044365878591492, -0.0015971009025590455], [0.02044365878591492, 0.0014807421091731499, 0.0275715179853967], [-0.0015971009025590455, 0.0275715179853967, -0.011825282062204678]], "QuadTotal": [[0.6320930927564632, -0.24800802840435665, -0.6285881197182959], [-0.24800802840435665, -0.5013832385000541, -0.6154041782783088], [-0.6285881197182959, -0.6154041782783088, -0.13070985425643045]], "QuadLocal": [[0.6217485528034103, -0.26845168719027157, -0.6269910188157368], [-0.26845168719027157, -0.5028639806092272, -0.6429756962637055], [-0.6269910188157368, -0.6429756962637055, -0.11888457219422577]], "ValueCostV4": -0.00832229842310815, "nSteps": 52}, {"Convergence": true, "QuadCompare": [[-0.3278944814892668, -0.00020125538497418497, 0.0003095257608338993], [-0.00020125538497418497, 0.16401412684530925, 0.000734162209198837], [0.0003095257608338993, 0.000734162209198837, 0.16388035464397888]], "QuadTotal": [[-2.9902719456076454, 9.272786328684239e-07, -1.4394419422818257e-06], [9.272786328684239e-07, 1.495135184602269, -2.4029493587413207e-06], [-1.4394419422818257e-06, -2.4029493587413207e-06, 1.4951367610053765]], "QuadLocal": [[-2.6623774641183786, 0.0002021826636070534, -0.0003109652027761811], [0.0002021826636070534, 1.3311210577569597, -0.0007365651585575783], [-0.0003109652027761811, -0.0007365651585575783, 1.3312564063613976]], "ValueCostV4": -0.5141603950497096, "nSteps": 40}, {"Convergence": true, "QuadCompare": [[0.0057684094368823935, 0.011859167725269515, 0.014378331920732457], [0.011859167725269515, -0.0030959597004383, -0.020363715296648155], [0.014378331920732457, -0.020363715296648155, -0.00267244973646541]], "QuadTotal": [[-0.1612403988338258, 0.312376649906831, -0.71762348923188], [0.312376649906831, 0.08390450911203828, 0.2797452959208052], [-0.71762348923188, 0.2797452959208052, 0.07733588972180172]], "QuadLocal": [[-0.1670088082707082, 0.3005174821815615, -0.7320018211526125], [0.3005174821815615, 0.08700046881247658, 0.30010901121745337], [-0.7320018211526125, 0.30010901121745337, 0.08000833945826713]], "ValueCostV4": -0.005018479855795593, "nSteps": 35}, {"Convergence": true, "QuadCompare": [[-0.06726551492689126, -0.06290198165080718, -0.014287375981355432], [-0.06290198165080718, -0.1509750591307757, 0.0077165574445688945], [-0.014287375981355432, 0.0077165574445688945, 0.2182405740576634]], "QuadTotal": [[-0.30343392505228906, 0.35345666537243536, -0.021271198315439555], [0.35345666537243536, 0.1676539596065325, 0.011436895661085855], [-0.021271198315439555, 0.011436895661085855, 0.13577996544575477]], "QuadLocal": [[-0.2361684101253978, 0.41635864702324255, -0.006983822334084122], [0.41635864702324255, 0.3186290187373082, 0.0037203382165169607], [-0.006983822334084122, 0.0037203382165169607, -0.08246060861190863]], "ValueCostV4": -0.265850606245182, "nSteps": 42}, {"Convergence": true, "QuadCompare": [[-0.5266488728900356, -0.0002454195608103439, -0.0003585091288154722], [-0.0002454195608103439, 0.2636890499179998, 0.00031504574100065153], [-0.0003585091288154722, 0.00031504574100065153, 0.2629598229720074]], "QuadTotal": [[0.9105982003538031, -1.6584382220619997e-06, -4.9334138495020125e-06], [-1.6584382220619997e-06, -0.4552977876239339, 2.794907550727916e-11], [-4.9334138495020125e-06, 2.794907550727916e-11, -0.45530041272989763]], "QuadLocal": [[1.4372470732438387, 0.00024376112258828186, 0.0003535757149659702], [0.00024376112258828186, -0.7189868375419337, -0.000315045713051576], [0.0003535757149659702, -0.000315045713051576, -0.718260235701905]], "ValueCostV4": -1.3263860371467253, "nSteps": 43}, {"Convergence": true, "QuadCompare": [[0.07033189956224817, -0.06470764967922094, -0.11352416315943259], [-0.06470764967922094, 0.03483603415053693, -0.14547984181534446], [-0.11352416315943259, -0.14547984181534446, -0.10516793371280642]], "QuadTotal": [[-0.4649474722511684, -0.12177801132064303, 0.041370588552133825], [-0.12177801132064303, 0.11453625115814248, -0.1540828951043629], [0.041370588552133825, -0.1540828951043629, 0.35041122109296907]], "QuadLocal": [[-0.5352793718134166, -0.057070361641422096, 0.15489475171156641], [-0.057070361641422096, 0.07970021700760554, -0.008603053289018447], [0.15489475171156641, -0.008603053289018447, 0.4555791548057755]], "ValueCostV4": -0.29872364830531606, "nSteps": 61}, {"Convergence": true, "QuadCompare": [[0.17249042295162553, -0.20384086798297574, -0.000399033284655851], [-0.20384086798297574, -0.3883352616687574, 9.425506923334422e-05], [-0.000399033284655851, 9.425506923334422e-05, 0.21584483871717453]], "QuadTotal": [[-0.48795616522453145, -0.10858488454265114, 0.0002992653059167259], [-0.10858488454265114, 0.6156396593877105, -1.0407424949786118e-05], [0.0002992653059167259, -1.0407424949786118e-05, -0.12768349416320746]], "QuadLocal": [[-0.660446588176157, 0.0952559834403246, 0.0006982985905725769], [0.0952559834403246, 1.003974921056468, -0.00010466249418313034], [0.0006982985905725769, -0.00010466249418313034, -0.343528332880382]], "ValueCostV4": -0.9891121284138056, "nSteps": 75}, {"Convergence": true, "QuadCompare": [[-0.012710922939540126, 0.027661266425110742, -0.01613144465263361], [0.027661266425110742, 0.054228397115853255, -0.05085611677791779], [-0.01613144465263361, -0.05085611677791779, -0.04151747417630958]], "QuadTotal": [[0.12454094260197834, -0.30398898492131227, 0.10534291183239863], [-0.30398898492131227, -0.6286215846479379, 0.34356979634018936], [0.10534291183239863, 0.34356979634018936, 0.5040806420459596]], "QuadLocal": [[0.13725186554151847, -0.331650251346423, 0.12147435648503224], [-0.331650251346423, -0.6828499817637912, 0.39442591311810715], [0.12147435648503224, 0.39442591311810715, 0.5455981162222692]], "ValueCostV4": -0.03841505346462981, "nSteps": 30}, {"Convergence": true, "QuadCompare": [[0.07642683806585637, -0.012123418004791997, 0.14179899326376955], [-0.012123418004791997, -0.06120412316283819, -0.056928256729272375], [0.14179899326376955, -0.056928256729272375, -0.015222714902989765]], "QuadTotal": [[0.9840867425970146, -0.4618818199141148, 0.8049207460139698], [-0.4618818199141148, -0.45417994090017544, 0.5905178828396216], [0.8049207460139698, 0.5905178828396216, -0.5299068016968249]], "QuadLocal": [[0.9076599045311582, -0.4497584019093228, 0.6631217527502002], [-0.4497584019093228, -0.39297581773733725, 0.647446139568894], [0.6631217527502002, 0.647446139568894, -0.5146840867938351]], "ValueCostV4": -0.18111187394702916, "nSteps": 44}, {"Convergence": true, "QuadCompare": [[0.05272707442699698, 0.029806041939778538, -0.027180832319306347], [0.029806041939778538, -0.029254076052325217, 0.010276619494584138], [-0.027180832319306347, 0.010276619494584138, -0.02347299837464334]], "QuadTotal": [[-0.8532898740138251, 0.508249195442815, 1.3013917122931762], [0.508249195442815, 0.6834340217306476, 0.1802621037203881], [1.3013917122931762, 0.1802621037203881, 0.1698558522832343]], "QuadLocal": [[-0.906016948440822, 0.47844315350303646, 1.3285725446124825], [0.47844315350303646, 0.7126880977829728, 0.16998548422580395], [1.3285725446124825, 0.16998548422580395, 0.19332885065787764]], "ValueCostV4": -0.024397263403315113, "nSteps": 69}, {"Convergence": true, "QuadCompare": [[-0.2854126164985189, -0.357396709864517, 0.0026066466621921386], [-0.357396709864517, -0.08726897865484062, 0.0014924616954421828], [0.0026066466621921386, 0.0014924616954421828, 0.3726815951533382]], "QuadTotal": [[-1.1605137418672484, -2.8506534608820573, 2.1330193933966286e-14], [-2.8506534608820573, 0.0033689822753402154, 2.0323509011059114e-15], [2.1330193933966286e-14, 2.0323509011059114e-15, 1.157144759591901]], "QuadLocal": [[-0.8751011253687295, -2.4932567510175403, -0.0026066466621708084], [-2.4932567510175403, 0.09063796093018084, -0.0014924616954401504], [-0.0026066466621708084, -0.0014924616954401504, 0.7844631644385629]], "ValueCostV4": -1.5413016743836643, "nSteps": 56}, {"Convergence": true, "QuadCompare": [[-1.010175204569748, 0.00012284111236068862, -0.0003673141392451031], [0.00012284111236068862, 0.5052236011498934, -0.0007397141736278617], [-0.0003673141392451031, -0.0007397141736278617, 0.5049516034198405]], "QuadTotal": [[-2.8973534031291592, 7.757673648020489e-14, 2.94961968499458e-14], [7.757673648020489e-14, 1.4486767015656454, 4.469102802437518e-16], [2.94961968499458e-14, 4.469102802437518e-16, 1.4486767015634996]], "QuadLocal": [[-1.8871781985594112, -0.0001228411122831119, 0.00036731413927459933], [-0.0001228411122831119, 0.943453100415752, 0.0007397141736283086], [0.00036731413927459933, 0.0007397141736283086, 0.9437250981436591]], "ValueCostV4": -4.880008282047565, "nSteps": 86}, {"Convergence": true, "QuadCompare": [[-0.00026878961159582104, -0.0006559961771266387, -0.016428246705345373], [-0.0006559961771266387, 0.00564370921767221, 0.06013872361087813], [-0.016428246705345373, 0.06013872361087813, -0.005374919606055073]], "QuadTotal": [[0.6468391042881194, -0.2555090071628392, -0.5250025318782363], [-0.2555090071628392, -0.4716063072900738, -0.6562047255867389], [-0.5250025318782363, -0.6562047255867389, -0.17523279699800298]], "QuadLocal": [[0.6471078938997152, -0.25485301098571256, -0.5085742851728909], [-0.25485301098571256, -0.477250016507746, -0.716343449197617], [-0.5085742851728909, -0.716343449197617, -0.1698578773919479]], "ValueCostV4": -0.024978269037126324, "nSteps": 38}, {"Convergence": true, "QuadCompare": [[0.1293316668695894, -0.14821900383630293, -0.0002832335738319827], [-0.14821900383630293, -0.28135088687216125, 0.00011482876267789326], [-0.0002832335738319827, 0.00011482876267789326, 0.15201922000261447]], "QuadTotal": [[-0.5620224983090765, -2.9699626785807, 0.00037562388493560944], [-2.9699626785807, -0.9438151929631147, -5.0364895530158283e-05], [0.00037562388493560944, -5.0364895530158283e-05, 1.5058376912721911]], "QuadLocal": [[-0.6913541651786659, -2.821743674744397, 0.0006588574587675922], [-2.821743674744397, -0.6624643060909534, -0.00016519365820805154], [0.0006588574587675922, -0.00016519365820805154, 1.3538184712695767]], "ValueCostV4": -0.5194502352470245, "nSteps": 45}, {"Convergence": true, "QuadCompare": [[0.010464464233290727, 0.00046713404422795216, 0.0010727869248726707], [0.00046713404422795216, 0.010438218929770926, 0.0006807085955120029], [0.0010727869248726707, 0.0006807085955120029, -0.020902683163074087]], "QuadTotal": [[-0.14196619824980417, 0.0010762271782087836, -0.02112212058516849], [0.0010762271782087836, -0.14158697197984793, -0.010238943486920615], [-0.02112212058516849, -0.010238943486920615, 0.2835531702296503]], "QuadLocal": [[-0.1524306624830949, 0.0006090931339808314, -0.022194907510041162], [0.0006090931339808314, -0.15202519090961886, -0.010919652082432618], [-0.022194907510041162, -0.010919652082432618, 0.3044558533927244]], "ValueCostV4": -0.002101129666017304, "nSteps": 27}, {"Convergence": true, "QuadCompare": [[0.040203960212011225, 0.026965025008692578, 0.011345974884041432], [0.026965025008692578, -0.028862516789828874, -0.02352027291238068], [0.011345974884041432, -0.02352027291238068, -0.011341443422224984]], "QuadTotal": [[0.27819204730400315, -0.10919012946452256, 0.4029936083956347], [-0.10919012946452256, -0.28067128854830514, 0.5491063036111006], [0.4029936083956347, 0.5491063036111006, 0.0024792412442735667]], "QuadLocal": [[0.23798808709199193, -0.13615515447321513, 0.39164763351159326], [-0.13615515447321513, -0.25180877175847627, 0.5726265765234813], [0.39164763351159326, 0.5726265765234813, 0.01382068466649855]], "ValueCostV4": -0.01720352848141627, "nSteps": 59}, {"Convergence": true, "QuadCompare": [[0.09572163161533354, -0.02255522671877841, 0.11259722997540678], [-0.02255522671877841, -0.128533891016275, -0.022712102066554385], [0.11259722997540678, -0.022712102066554385, 0.03281225940094146]], "QuadTotal": [[-0.1260956674458953, 0.09517028285070339, -0.7514658872763604], [0.09517028285070339, 0.22971708112829958, 0.05765120899801146], [-0.7514658872763604, 0.05765120899801146, -0.10362141368250377]], "QuadLocal": [[-0.22181729906122882, 0.1177255095694818, -0.8640631172517672], [0.1177255095694818, 0.3582509721445746, 0.08036331106456585], [-0.8640631172517672, 0.08036331106456585, -0.13643367308344523]], "ValueCostV4": -0.17268696604095587, "nSteps": 36}, {"Convergence": true, "QuadCompare": [[-0.00027999140917245313, 0.00028602066145566596, 0.00010619528748634366], [0.00028602066145566596, 0.0005733957855014182, -0.00018105249272615254], [0.00010619528748634366, -0.00018105249272615254, -0.00029340437639291395]], "QuadTotal": [[-0.04646257298429646, 0.27684619526452536, -0.4959985312929618], [0.27684619526452536, 0.1579864799325108, 0.21802286549155347], [-0.4959985312929618, 0.21802286549155347, -0.11152390694823566]], "QuadLocal": [[-0.046182581575124004, 0.2765601746030697, -0.49610472658044813], [0.2765601746030697, 0.15741308414700939, 0.21820391798427963], [-0.49610472658044813, 0.21820391798427963, -0.11123050257184275]], "ValueCostV4": -2.3751366038563747e-06, "nSteps": 47}, {"Convergence": true, "QuadCompare": [[0.0811106335800389, -0.014369060380648113, 0.1347709293761028], [-0.014369060380648113, -0.08876351143926797, -0.011338758626946555], [0.1347709293761028, -0.011338758626946555, 0.007652877859229079]], "QuadTotal": [[0.16106123740419775, -0.02592525861534578, 0.23872296136248394], [-0.02592525861534578, 0.08329656185790668, 0.03364115346038887], [0.23872296136248394, 0.03364115346038887, -0.24435779926209023]], "QuadLocal": [[0.07995060382415886, -0.011556198234697668, 0.10395203198638114], [-0.011556198234697668, 0.17206007329717465, 0.04497991208733543], [0.10395203198638114, 0.04497991208733543, -0.2520106771213193]], "ValueCostV4": -0.16422975884746172, "nSteps": 46}, {"Convergence": true, "QuadCompare": [[0.08977737265276176, -0.07504648817301529, -0.1306926824774557], [-0.07504648817301529, 0.021711242363984695, -0.1397295840117856], [-0.1306926824774557, -0.1397295840117856, -0.11148861501676777]], "QuadTotal": [[-0.4394238271883921, 0.000652447670319134, 0.09422890068425005], [0.000652447670319134, 0.12030773982343845, -0.2004141331624325], [0.09422890068425005, -0.2004141331624325, 0.31911608736491814]], "QuadLocal": [[-0.5292011998411539, 0.07569893584333443, 0.22492158316170574], [0.07569893584333443, 0.09859649745945376, -0.060684549150646916], [0.22492158316170574, -0.060684549150646916, 0.4306047023816859]], "ValueCostV4": -0.33613970311777647, "nSteps": 43}, {"Convergence": true, "QuadCompare": [[0.1666487189159227, -0.21434361749379605, -0.02610125381423939], [-0.21434361749379605, -0.39294728499231013, 0.014619253817048039], [-0.02610125381423939, 0.014619253817048039, 0.2262985660763519]], "QuadTotal": [[-0.29482330060264417, 0.013224293563226297, 0.003114161137526217], [0.013224293563226297, 0.7435080756861439, -0.1463511008160841], [0.003114161137526217, -0.1463511008160841, -0.44868477508346416]], "QuadLocal": [[-0.46147201951856687, 0.22756791105702234, 0.029215414951765606], [0.22756791105702234, 1.136455360678454, -0.16097035463313214], [0.029215414951765606, -0.16097035463313214, -0.6749833411598161]], "ValueCostV4": -1.0427301060997336, "nSteps": 91}, {"Convergence": true, "QuadCompare": [[-0.06422519126547144, 0.033578817694762564, -0.00689685336845744], [0.033578817694762564, 0.02735411768543372, -0.00692313406777556], [-0.00689685336845744, -0.00692313406777556, 0.036871073580034164]], "QuadTotal": [[0.3393511199945678, -0.33457865455211844, 0.03127427202930069], [-0.33457865455211844, -0.5429993156690252, 0.06052043103499294], [0.03127427202930069, 0.06052043103499294, 0.20364819567444847]], "QuadLocal": [[0.40357631126003923, -0.368157472246881, 0.03817112539775813], [-0.368157472246881, -0.5703534333544589, 0.0674435651027685], [0.03817112539775813, 0.0674435651027685, 0.1667771220944143]], "ValueCostV4": -0.027668680460951053, "nSteps": 34}, {"Convergence": true, "QuadCompare": [[0.12274082337674486, 0.043363320531586425, 0.1830232850459126], [0.043363320531586425, -0.07161413498445768, -0.043470152281955166], [0.1830232850459126, -0.043470152281955166, -0.051126688392230335]], "QuadTotal": [[-0.5292963365952517, -1.4684398459798338, 0.5499594837405368], [-1.4684398459798338, 0.10249469232567776, 0.5242114490743655], [0.5499594837405368, 0.5242114490743655, 0.4268016442695455]], "QuadLocal": [[-0.6520371599719965, -1.5118031665114202, 0.36693619869462424], [-1.5118031665114202, 0.17410882731013544, 0.5676816013563206], [0.36693619869462424, 0.5676816013563206, 0.4779283326617758]], "ValueCostV4": -0.3103415685342903, "nSteps": 42}, {"Convergence": true, "QuadCompare": [[0.028206785927807232, 0.06759462795480431, -0.03720842203079622], [0.06759462795480431, 0.02232486564069802, 0.045025488574139017], [-0.03720842203079622, 0.045025488574139017, -0.05053165156849104]], "QuadTotal": [[-1.2722850155308834, -1.2311101471093053, 1.2906830645709744], [-1.2311101471093053, 0.2295799899500821, 0.18256690077364301], [1.2906830645709744, 0.18256690077364301, 1.042705025580716]], "QuadLocal": [[-1.3004918014586906, -1.2987047750641096, 1.3278914866017706], [-1.2987047750641096, 0.2072551243093841, 0.137541412199504], [1.3278914866017706, 0.137541412199504, 1.093236677149207]], "ValueCostV4": -0.06315378121559703, "nSteps": 82}, {"Convergence": true, "QuadCompare": [[-0.5967371465922042, -0.08546015527720385, 0.03193805185297993], [-0.08546015527720385, 0.290706150511312, 0.0027502560092533823], [0.03193805185297993, 0.0027502560092533823, 0.3060309960808638]], "QuadTotal": [[-3.187835951095252, -1.3147433576231151, 0.08170113909718069], [-1.3147433576231151, 1.884499248705822, 0.06186107845309663], [0.08170113909718069, 0.06186107845309663, 1.3033367023893447]], "QuadLocal": [[-2.591098804503048, -1.2292832023459113, 0.049763087244200754], [-1.2292832023459113, 1.59379309819451, 0.05911082244384325], [0.049763087244200754, 0.05911082244384325, 0.9973057063084809]], "ValueCostV4": -1.7564098729242845, "nSteps": 102}, {"Convergence": true, "QuadCompare": [[0.10171587031584295, -0.018630554129090204, 0.12804795110481848], [-0.018630554129090204, -0.08472075731177142, -0.010885072596288792], [0.12804795110481848, -0.010885072596288792, -0.016995113004028894]], "QuadTotal": [[-0.028455692741403027, -0.02887466943373529, 0.273609355193166], [-0.02887466943373529, -0.06970695029916385, -0.02892756778165495], [0.273609355193166, -0.02892756778165495, 0.09816264304058109]], "QuadLocal": [[-0.13017156305724598, -0.010244115304645085, 0.1455614040883475], [-0.010244115304645085, 0.015013807012607572, -0.01804249518536616], [0.1455614040883475, -0.01804249518536616, 0.11515775604460998]], "ValueCostV4": -0.16430415456648273, "nSteps": 31}, {"Convergence": true, "QuadCompare": [[0.06714275911787126, 0.006646394726255167, -0.040285121910891064], [0.006646394726255167, -0.03406671768664182, 0.08658681493484899], [-0.040285121910891064, 0.08658681493484899, -0.03307604143124365]], "QuadTotal": [[-0.9202457061671794, -0.8367396484496634, -0.6223997561036398], [-0.8367396484496634, 0.30756165754358733, -0.6191638358204941], [-0.6223997561036398, -0.6191638358204941, 0.6126840486235494]], "QuadLocal": [[-0.9873884652850506, -0.8433860431759186, -0.5821146341927488], [-0.8433860431759186, 0.34162837523022915, -0.705750650755343], [-0.5821146341927488, -0.705750650755343, 0.6457600900547931]], "ValueCostV4": -0.07999454666927013, "nSteps": 64}, {"Convergence": true, "QuadCompare": [[0.041577857947203256, -0.17994951579689378, -0.0010484891232349636], [-0.17994951579689378, -0.13661290214332666, -0.003855322884803558], [-0.0010484891232349636, -0.003855322884803558, 0.09503504419618025]], "QuadTotal": [[-1.0403852676776353, -2.081432214918216, -0.02966089625069701], [-2.081432214918216, 0.13365492229862497, -0.011687734983193976], [-0.02966089625069701, -0.011687734983193976, 0.90673034537906]], "QuadLocal": [[-1.0819631256248385, -1.9014826991213223, -0.028612407127462047], [-1.9014826991213223, 0.27026782444195163, -0.007832412098390418], [-0.028612407127462047, -0.007832412098390418, 0.8116953011828798]], "ValueCostV4": -0.30038219306547675, "nSteps": 72}, {"Convergence": true, "QuadCompare": [[0.0005039203999217534, -0.07712250048059843, -0.16726147305639216], [-0.07712250048059843, 0.08028776100711355, -0.1075211295807641], [-0.16726147305639216, -0.1075211295807641, -0.08079168140704951]], "QuadTotal": [[-1.4982601142489216, -1.8758967610505408, -1.6504628251396376], [-1.8758967610505408, 0.4214070600222328, -0.8964403336437865], [-1.6504628251396376, -0.8964403336437865, 1.076853054226632]], "QuadLocal": [[-1.4987640346488433, -1.7987742605699424, -1.4832013520832454], [-1.7987742605699424, 0.3411192990151193, -0.7889192040630224], [-1.4832013520832454, -0.7889192040630224, 1.1576447356336814]], "ValueCostV4": -0.3313860071342588, "nSteps": 68}, {"Convergence": true, "QuadCompare": [[0.011144328180137109, -0.006212206605113124, 5.732154335436057e-05], [-0.006212206605113124, -0.04047440249939882, -0.002914512840895056], [5.732154335436057e-05, -0.002914512840895056, 0.029330074319290134]], "QuadTotal": [[0.9943151645031207, -0.195160032902308, -0.015257903765813596], [-0.195160032902308, -0.6906410617528138, -0.012683940195311716], [-0.015257903765813596, -0.012683940195311716, -0.30367410275032114]], "QuadLocal": [[0.9831708363229836, -0.18894782629719487, -0.015315225309167957], [-0.18894782629719487, -0.650166659253415, -0.00976942735441666], [-0.015315225309167957, -0.00976942735441666, -0.3330041770696113]], "ValueCostV4": -0.008661516603721331, "nSteps": 82}, {"Convergence": true, "QuadCompare": [[-0.190386719076173, -0.1255766048799245, 0.10166830163140617], [-0.1255766048799245, 0.05711043277690209, 0.04057518552837713], [0.10166830163140617, 0.04057518552837713, 0.133276286299278]], "QuadTotal": [[-0.7757178630909038, 0.31412653988535055, -0.05145379534166494], [0.31412653988535055, 0.7122151165545247, 0.09628846938097624], [-0.05145379534166494, 0.09628846938097624, 0.06350274653640042]], "QuadLocal": [[-0.5853311440147309, 0.43970314476527506, -0.1531220969730711], [0.43970314476527506, 0.6551046837776227, 0.055713283852599105], [-0.1531220969730711, 0.055713283852599105, -0.06977353976287759]], "ValueCostV4": -0.3595435265676727, "nSteps": 106}, {"Convergence": true, "QuadCompare": [[0.06256857339036515, 0.034505880095667185, 0.11106708730843451], [0.034505880095667185, -0.0693528851636529, -0.05860412964057882], [0.11106708730843451, -0.05860412964057882, 0.006784311773330387]], "QuadTotal": [[0.48157062278181684, -0.041855821738163324, 0.2589190523029785], [-0.041855821738163324, -0.2907155991970285, 0.16453898367072806], [0.2589190523029785, 0.16453898367072806, -0.19085502358481676]], "QuadLocal": [[0.4190020493914517, -0.07636170183383051, 0.147851964994544], [-0.07636170183383051, -0.2213627140333756, 0.22314311331130687], [0.147851964994544, 0.22314311331130687, -0.19763933535814715]], "ValueCostV4": -0.1361096178269054, "nSteps": 67}, {"Convergence": true, "QuadCompare": [[-0.261017223431395, -0.3901018461817074, 0.022178874968543528], [-0.3901018461817074, -0.14945915866741188, 0.02978342993909015], [0.022178874968543528, 0.02978342993909015, 0.4104763820988069]], "QuadTotal": [[1.2454370093604439, 1.0253388739374998, 2.4080578239185965e-14], [1.0253388739374998, 0.12612497100320752, 1.2140601691129885e-14], [2.4080578239185965e-14, 1.2140601691129885e-14, -1.3715619803636514]], "QuadLocal": [[1.5064542327918389, 1.4154407201192072, -0.022178874968519446], [1.4154407201192072, 0.2755841296706194, -0.02978342993907801], [-0.022178874968519446, -0.02978342993907801, -1.7820383624624583]], "ValueCostV4": -1.8047206994264167, "nSteps": 63}, {"Convergence": true, "QuadCompare": [[0.06479193480934953, -0.09339407064943828, -0.1278457808585891], [-0.09339407064943828, -0.020804473892710007, -0.1365836816265933], [-0.1278457808585891, -0.1365836816265933, -0.0439874609166111]], "QuadTotal": [[-0.11131337936980401, 0.0009076228477198356, 0.22756561869040226], [0.0009076228477198356, 0.2906183042655073, -0.015662500928559808], [0.22756561869040226, -0.015662500928559808, -0.17930492489571748]], "QuadLocal": [[-0.17610531417915354, 0.09430169349715811, 0.35541139954899137], [0.09430169349715811, 0.3114227781582173, 0.12092118069803348], [0.35541139954899137, 0.12092118069803348, -0.13531746397910638]], "ValueCostV4": -0.299715457027242, "nSteps": 50}, {"Convergence": true, "QuadCompare": [[0.15096483132258243, -0.24447035545941276, 0.00043784652261451285], [-0.24447035545941276, -0.434154425283964, -0.000845163303419872], [0.00043784652261451285, -0.000845163303419872, 0.2831895939613105]], "QuadTotal": [[-0.03630707200105121, 0.08226157927116162, 0.001971556182593967], [0.08226157927116162, 0.7805131467844788, 0.0031798170291120857], [0.001971556182593967, 0.0031798170291120857, -0.7442060747834915]], "QuadLocal": [[-0.18727190332363364, 0.3267319347305744, 0.0015337096599794542], [0.3267319347305744, 1.2146675720684428, 0.004024980332531958], [0.0015337096599794542, 0.004024980332531958, -1.027395668744802]], "ValueCostV4": -1.3103520519718337, "nSteps": 111}, {"Convergence": true, "QuadCompare": [[-0.09572772705882926, -0.22832997052400117, 0.020483946315597246], [-0.22832997052400117, -0.14451458405162043, 0.03569566866403284], [0.020483946315597246, 0.03569566866403284, 0.2402423111104497]], "QuadTotal": [[-0.5375018212847635, 0.33539900544860757, 0.052274725762952334], [0.33539900544860757, 0.5472550222288248, -0.013806232720086298], [0.052274725762952334, -0.013806232720086298, -0.009753200944061291]], "QuadLocal": [[-0.4417740942259343, 0.5637289759726087, 0.03179077944735509], [0.5637289759726087, 0.6917696062804453, -0.04950190138411914], [0.03179077944735509, -0.04950190138411914, -0.24999551205451098]], "ValueCostV4": -0.6230278263766083, "nSteps": 81}, {"Convergence": true, "QuadCompare": [[0.05647432478383507, 0.04070571665629075, 0.0001861694505270739], [0.04070571665629075, -0.018555999200614792, 5.3858889548341615e-05], [0.0001861694505270739, 5.3858889548341615e-05, -0.03791832558320607]], "QuadTotal": [[-0.24116485539087762, -0.052684947331556486, 0.0011555462355373747], [-0.052684947331556486, 0.04536349674739881, -0.002262837307966281], [0.0011555462355373747, -0.002262837307966281, 0.1958013586434788]], "QuadLocal": [[-0.2976391801747127, -0.09339066398784723, 0.0009693767850103008], [-0.09339066398784723, 0.0639194959480136, -0.0023166961975146227], [0.0009693767850103008, -0.0023166961975146227, 0.23371968422668488]], "ValueCostV4": -0.02641509011548836, "nSteps": 54}, {"Convergence": true, "QuadCompare": [[0.1192497130792276, -0.07038246639308454, -0.001028810822151477], [-0.07038246639308454, -0.28686913051816276, 0.0026135560054906387], [-0.001028810822151477, 0.0026135560054906387, 0.16761941743897069]], "QuadTotal": [[-0.8093712029167932, -2.7101729145736986, 0.004459054121092862], [-2.7101729145736986, 0.4978093980687177, 0.0033064148239579233], [0.004459054121092862, 0.0033064148239579233, 0.3115618048480684]], "QuadLocal": [[-0.9286209159960208, -2.639790448180614, 0.005487864943244339], [-2.639790448180614, 0.7846785285868805, 0.0006928588184672846], [0.005487864943244339, 0.0006928588184672846, 0.1439423874090977]], "ValueCostV4": -0.4289107859525752, "nSteps": 93}]