[{"BasisSet": "aug-cc-pvtz", "LevelOfTheory": "scf", "Scheme": "V5", "StartIndex": 0, "StopIndex": 200, "Cores": 8, "Memory": 8.0}, {"MolNameIdx": "0028_NC3H7", "SweepDict": {"PenaltyVals": [0.0, 0.1724137931034483, 0.3448275862068966, 0.5172413793103449, 0.6896551724137931, 0.8620689655172414, 1.0344827586206897, 1.206896551724138, 1.3793103448275863, 1.5517241379310347, 1.7241379310344829, 1.896551724137931, 2.0689655172413794, 2.241379310344828, 2.413793103448276, 2.586206896551724, 2.7586206896551726, 2.931034482758621, 3.1034482758620694, 3.2758620689655173, 3.4482758620689657, 3.620689655172414, 3.793103448275862, 3.9655172413793105, 4.137931034482759, 4.310344827586207, 4.482758620689656, 4.655172413793104, 4.827586206896552, 5.0], "RootMeanDisplacement": [0.00021393754275096847, 0.002038338969699186, 0.0034865889475943447, 0.004568505323559609, 0.0054061936045078, 0.006204104169820396, 0.0068368089737151465, 0.0073682729446277115, 0.00787244599967724, 0.00828674181460342, 0.008700279651279454, 0.009064662333997, 0.009381165272243235, 0.009743310938849805, 0.01012655435325471, 0.0101905958196275, 0.010509934212695481, 0.01078454201620024, 0.010960980404298493, 0.011254813288212215, 0.011319672825730098, 0.01164701673844478, 0.011873163856160164, 0.012048243269239643, 0.012103477222633809, 0.012346345325575355, 0.012561979045147168, 0.012703568562973808, 0.012690641308093314, 0.012923836794112908], "QuadDifference": [[[0.09577859996139537, -0.02275947745127871, 0.11235288521264408], [-0.02275947745127871, -0.1288659111200765, -0.022367617304472898], [0.11235288521264408, -0.022367617304472898, 0.03308731115868113]], [[0.08682532576958835, -0.019721850453297163, 0.09858016667751279], [-0.019721850453297163, -0.10803479997080956, -0.017651826943831384], [0.09858016667751279, -0.017651826943831384, 0.021209474201224765]], [[0.07969879158228821, -0.01732075434481417, 0.08882007093149724], [-0.01732075434481417, -0.0932052024365646, -0.01467489069549155], [0.08882007093149724, -0.01467489069549155, 0.013506410854278172]], [[0.07402395852320964, -0.015574966462806705, 0.08104665414644963], [-0.015574966462806705, -0.08275617919455769, -0.012200263524864141], [0.08104665414644963, -0.012200263524864141, 0.008732220671349822]], [[0.06891950952985226, -0.014318566800837595, 0.07488788765261312], [-0.014318566800837595, -0.0746703274289846, -0.010344330405182234], [0.07488788765261312, -0.010344330405182234, 0.0057508178991234615]], [[0.06425804980493055, -0.013204979780153558, 0.06928558443890331], [-0.013204979780153558, -0.0675873025591276, -0.009021539398708311], [0.06928558443890331, -0.009021539398708311, 0.0033292527542005956]], [[0.06026266559714344, -0.012196450378709423, 0.06479605761307639], [-0.012196450378709423, -0.06215009721048226, -0.008092250164818626], [0.06479605761307639, -0.008092250164818626, 0.0018874316133548064]], [[0.05685458439855395, -0.01147700482569447, 0.06065051987774339], [-0.01147700482569447, -0.05742839622508278, -0.007181247953118919], [0.06065051987774339, -0.007181247953118919, 0.0005738118265270487]], [[0.05363549941778345, -0.010909124424860417, 0.05722712839919453], [-0.010909124424860417, -0.05320200464492153, -0.006860063766053748], [0.05722712839919453, -0.006860063766053748, -0.0004334947728636962]], [[0.051009279839362875, -0.010344244765558841, 0.05415341834809517], [-0.010344244765558841, -0.049693068781486716, -0.006040813727949179], [0.05415341834809517, -0.006040813727949179, -0.0013162110578797126]], [[0.04827468143858127, -0.009796091312044342, 0.051191012056696295], [-0.009796091312044342, -0.04675946607215842, -0.0056511915602354135], [0.051191012056696295, -0.0056511915602354135, -0.0015152153664264034]], [[0.04614483978845385, -0.00917541193095367, 0.04864309041293957], [-0.00917541193095367, -0.04416899445571332, -0.005189109283274651], [0.04864309041293957, -0.005189109283274651, -0.001975845332744086]], [[0.04401459050416179, -0.008833819822184286, 0.04631731189497934], [-0.008833819822184286, -0.04178520975833777, -0.005014856582916449], [0.04631731189497934, -0.005014856582916449, -0.0022293807458240167]], [[0.04221349894655546, -0.008449688496218355, 0.043933595957696525], [-0.008449688496218355, -0.039692284451298576, -0.0045420392918384955], [0.043933595957696525, -0.0045420392918384955, -0.0025212144952710958]], [[0.04041568155306052, -0.008099191510903658, 0.04182499217647795], [-0.008099191510903658, -0.037533602630578144, -0.004299163721142141], [0.04182499217647795, -0.004299163721142141, -0.0028820789224681675]], [[0.03857946065190632, -0.007891931348413761, 0.04050486764947436], [-0.007891931348413761, -0.03581763982773367, -0.004186652785233114], [0.04050486764947436, -0.004186652785233114, -0.002761820824172645]], [[0.03725916706216381, -0.007577427967551009, 0.03864295016828656], [-0.007577427967551009, -0.034275457396315545, -0.003980390539167766], [0.03864295016828656, -0.003980390539167766, -0.002983709665851819]], [[0.035788875351634886, -0.007245307729053296, 0.036948969607101034], [-0.007245307729053296, -0.03277296180129596, -0.003699645306414201], [0.036948969607101034, -0.003699645306414201, -0.0030159135503389223]], [[0.03443701562701662, -0.0069661575810435195, 0.03545005781627708], [-0.0069661575810435195, -0.031489434920683124, -0.003561629550682399], [0.03545005781627708, -0.003561629550682399, -0.0029475807063406023]], [[0.033298573828304256, -0.006726226939164137, 0.03407103318476601], [-0.006726226939164137, -0.030109600115821422, -0.0032870272181340088], [0.03407103318476601, -0.0032870272181340088, -0.0031889737124739526]], [[0.03199029719382196, -0.006564982244559758, 0.03312076990878943], [-0.006564982244559758, -0.028962207887031965, -0.0032786221392872017], [0.03312076990878943, -0.0032786221392872017, -0.003028089306795323]], [[0.03104213613336171, -0.006309841907274738, 0.03162213115320789], [-0.006309841907274738, -0.027888218932082154, -0.003130651147247532], [0.03162213115320789, -0.003130651147247532, -0.0031539172012795547]], [[0.030111908229553563, -0.006053483806493731, 0.030429105597717054], [-0.006053483806493731, -0.02691709510902207, -0.0029396621933637235], [0.030429105597717054, -0.0029396621933637235, -0.0031948131205172814]], [[0.028985277231839746, -0.005798047109586479, 0.029310507816667553], [-0.005798047109586479, -0.025934111658386882, -0.002931966918909179], [0.029310507816667553, -0.002931966918909179, -0.003051165573452863]], [[0.028244972813819658, -0.005681104810746795, 0.028709675949567526], [-0.005681104810746795, -0.025176888849500756, -0.002789563579946641], [0.028709675949567526, -0.002789563579946641, -0.003068083964326007]], [[0.02736335974650217, -0.005481057612708173, 0.027451882300928432], [-0.005481057612708173, -0.024300484999997707, -0.002659511868980391], [0.027451882300928432, -0.002659511868980391, -0.00306287474650091]], [[0.026619034816768306, -0.005285536889270026, 0.02640234928688301], [-0.005285536889270026, -0.023644910389242213, -0.0025072862387427453], [0.02640234928688301, -0.0025072862387427453, -0.0029741244275207634]], [[0.025829705461553942, -0.005093160959747878, 0.02568186296942443], [-0.005093160959747878, -0.022799562253279504, -0.0024933502972528387], [0.02568186296942443, -0.0024933502972528387, -0.0030301432082708857]], [[0.024911994907043322, -0.005004917853424884, 0.025151493159032867], [-0.005004917853424884, -0.02208376360775688, -0.0023049835229831395], [0.025151493159032867, -0.0023049835229831395, -0.0028282312992828906]], [[0.024398005624913566, -0.004916104817240807, 0.024287922223946268], [-0.004916104817240807, -0.02141224055648827, -0.0023028969026955837], [0.024287922223946268, -0.0023028969026955837, -0.002985765068437729]]], "QuadTotal": [[[0.20711619734648679, 0.03894084167677425, -0.2581977862435547], [0.03894084167677425, 0.33300325184195856, 0.10289703701298625], [-0.2581977862435547, 0.10289703701298625, -0.5401194491884382]], [[0.2160694715382867, 0.03590321467879409, -0.24442506770841987], [0.03590321467879409, 0.31217214069269517, 0.09818124665234595], [-0.24442506770841987, 0.09818124665234595, -0.5282416122309854]], [[0.2231960057255904, 0.033502118570307715, -0.23466497196240788], [0.033502118570307715, 0.29734254315845376, 0.09520431040401123], [-0.23466497196240788, 0.09520431040401123, -0.5205385488840424]], [[0.22887083878466896, 0.03175633068829953, -0.2268915551773656], [0.03175633068829953, 0.28689351991644685, 0.09272968323338504], [-0.2268915551773656, 0.09272968323338504, -0.5157643587011176]], [[0.23397528777800147, 0.03049993102632964, -0.2207327886835131], [0.03049993102632964, 0.2788076681508773, 0.09087375011370002], [-0.2207327886835131, 0.09087375011370002, -0.5127829559288699]], [[0.23863674750294095, 0.029386344005644105, -0.21513048546981217], [0.029386344005644105, 0.2717246432810132, 0.08955095910722477], [-0.21513048546981217, 0.08955095910722477, -0.5103613907839541]], [[0.24263213171073517, 0.028377814604200857, -0.21064095864398524], [0.028377814604200857, 0.26628743793237497, 0.08862166987333664], [-0.21064095864398524, 0.08862166987333664, -0.508919569643119]], [[0.24604021290929268, 0.027658369051196452, -0.20649542090862738], [0.027658369051196452, 0.2615657369469826, 0.0877106676616316], [-0.20649542090862738, 0.0877106676616316, -0.5076059498562735]], [[0.2492592978900916, 0.02709048865035868, -0.2030720294301105], [0.02709048865035868, 0.25733934536681424, 0.08738948347456921], [-0.2030720294301105, 0.08738948347456921, -0.5065986432569041]], [[0.2518855174685015, 0.02652560899106149, -0.19999831937899515], [0.02652560899106149, 0.2538304095033723, 0.08657023343646308], [-0.19999831937899515, 0.08657023343646308, -0.5057159269718738]], [[0.25462011586929734, 0.025977455537544714, -0.19703591308760693], [0.025977455537544714, 0.25089680679405113, 0.08618061126874976], [-0.19703591308760693, 0.08618061126874976, -0.5055169226633449]], [[0.25674995751941765, 0.025356776156447935, -0.19448799144384488], [0.025356776156447935, 0.24830633517761314, 0.08571852899179655], [-0.19448799144384488, 0.08571852899179655, -0.5050562926970272]], [[0.25888020680372037, 0.025015184047688876, -0.19216221292588642], [0.025015184047688876, 0.24592255048022693, 0.08554427629143158], [-0.19216221292588642, 0.08554427629143158, -0.5048027572839437]], [[0.26068129836132314, 0.024631052721714397, -0.18977849698860716], [0.024631052721714397, 0.24382962517316642, 0.08507145900034674], [-0.18977849698860716, 0.08507145900034674, -0.5045109235344896]], [[0.2624791157548003, 0.024280555736395204, -0.18766989320738503], [0.024280555736395204, 0.24167094335248152, 0.08482858342966693], [-0.18766989320738503, 0.08482858342966693, -0.5041500591072889]], [[0.2643153366559652, 0.02407329557391691, -0.18634976868037612], [0.02407329557391691, 0.23995498054961928, 0.08471607249374935], [-0.18634976868037612, 0.08471607249374935, -0.5042703172055809]], [[0.26563563024567927, 0.023758792193045664, -0.18448785119917588], [0.023758792193045664, 0.23841279811822247, 0.08450981024768711], [-0.18448785119917588, 0.08450981024768711, -0.5040484283639017]], [[0.2671059219562082, 0.023426671954553058, -0.18279387063797614], [0.023426671954553058, 0.23691030252320644, 0.08422906501492589], [-0.18279387063797614, 0.08422906501492589, -0.5040162244794075]], [[0.2684577816808513, 0.023147521806548, -0.18129495884718771], [0.023147521806548, 0.2356267756425794, 0.08409104925919686], [-0.18129495884718771, 0.08409104925919686, -0.5040845573234307]], [[0.26959622347956724, 0.022907591164677443, -0.1799159342156713], [0.022907591164677443, 0.2342469408377177, 0.08381644692664647], [-0.1799159342156713, 0.08381644692664647, -0.5038431643172832]], [[0.2709045001140389, 0.0227463464700568, -0.17896567093969296], [0.0227463464700568, 0.23309954860892113, 0.0838080418478031], [-0.17896567093969296, 0.0838080418478031, -0.5040040487229618]], [[0.2718526611744956, 0.022491206132774, -0.17746703218410786], [0.022491206132774, 0.23202555965398197, 0.08366007085576843], [-0.17746703218410786, 0.08366007085576843, -0.503878220828474]], [[0.2727828890783073, 0.02223484803200071, -0.17627400662862414], [0.02223484803200071, 0.2310544358309219, 0.08346908190187241], [-0.17627400662862414, 0.08346908190187241, -0.5038373249092327]], [[0.27390952007604596, 0.02197941133508685, -0.17515540884758352], [0.02197941133508685, 0.23007145238028315, 0.08346138662742753], [-0.17515540884758352, 0.08346138662742753, -0.5039809724563291]], [[0.2746498244940163, 0.021862469036247667, -0.17455457698044974], [0.021862469036247667, 0.22931422957139702, 0.08331898328845799], [-0.17455457698044974, 0.08331898328845799, -0.5039640540654133]], [[0.2755314375613551, 0.021662421838207324, -0.1732967833318213], [0.021662421838207324, 0.22843782572190108, 0.08318893157749252], [-0.1732967833318213, 0.08318893157749252, -0.5039692632832633]], [[0.27627576249109254, 0.021466901114778114, -0.17224725031778831], [0.021466901114778114, 0.22778225111114203, 0.08303670594725165], [-0.17224725031778831, 0.08303670594725165, -0.5040580136022328]], [[0.27706509184630335, 0.02127452518524864, -0.17152676400031908], [0.02127452518524864, 0.22693690297517932, 0.08302277000576563], [-0.17152676400031908, 0.08302277000576563, -0.5040019948214898]], [[0.27798280240082107, 0.021186282078922147, -0.17099639418993462], [0.021186282078922147, 0.22622110432966025, 0.08283440323149804], [-0.17099639418993462, 0.08283440323149804, -0.5042039067304778]], [[0.2784967916829473, 0.021097469042744788, -0.17013282325485335], [0.021097469042744788, 0.22554958127837743, 0.08283231661121548], [-0.17013282325485335, 0.08283231661121548, -0.5040463729613194]]], "QuadLocal": [[[0.30289479730788216, 0.016181364225495543, -0.14584490103091063], [0.016181364225495543, 0.20413734072188205, 0.08052941970851335], [-0.14584490103091063, 0.08052941970851335, -0.5070321380297571]], [[0.30289479730787505, 0.01618136422549693, -0.14584490103090708], [0.01618136422549693, 0.2041373407218856, 0.08052941970851457], [-0.14584490103090708, 0.08052941970851457, -0.5070321380297607]], [[0.3028947973078786, 0.016181364225493544, -0.14584490103091063], [0.016181364225493544, 0.20413734072188916, 0.08052941970851968], [-0.14584490103091063, 0.08052941970851968, -0.5070321380297642]], [[0.3028947973078786, 0.016181364225492822, -0.14584490103091596], [0.016181364225492822, 0.20413734072188916, 0.0805294197085209], [-0.14584490103091596, 0.0805294197085209, -0.5070321380297678]], [[0.30289479730785374, 0.016181364225492045, -0.14584490103089998], [0.016181364225492045, 0.2041373407218927, 0.08052941970851779], [-0.14584490103089998, 0.08052941970851779, -0.5070321380297464]], [[0.3028947973078715, 0.016181364225490547, -0.14584490103090886], [0.016181364225490547, 0.2041373407218856, 0.08052941970851646], [-0.14584490103090886, 0.08052941970851646, -0.5070321380297536]], [[0.3028947973078786, 0.016181364225491435, -0.14584490103090886], [0.016181364225491435, 0.2041373407218927, 0.08052941970851801], [-0.14584490103090886, 0.08052941970851801, -0.5070321380297642]], [[0.30289479730784663, 0.016181364225501982, -0.145844901030884], [0.016181364225501982, 0.20413734072189982, 0.08052941970851268], [-0.145844901030884, 0.08052941970851268, -0.5070321380297464]], [[0.30289479730787505, 0.016181364225498263, -0.14584490103091596], [0.016181364225498263, 0.2041373407218927, 0.08052941970851546], [-0.14584490103091596, 0.08052941970851546, -0.5070321380297678]], [[0.3028947973078644, 0.016181364225502648, -0.14584490103089998], [0.016181364225502648, 0.2041373407218856, 0.0805294197085139], [-0.14584490103089998, 0.0805294197085139, -0.5070321380297536]], [[0.3028947973078786, 0.016181364225500372, -0.14584490103091063], [0.016181364225500372, 0.2041373407218927, 0.08052941970851435], [-0.14584490103091063, 0.08052941970851435, -0.5070321380297713]], [[0.3028947973078715, 0.016181364225494266, -0.1458449010309053], [0.016181364225494266, 0.20413734072189982, 0.0805294197085219], [-0.1458449010309053, 0.0805294197085219, -0.5070321380297713]], [[0.30289479730788216, 0.01618136422550459, -0.14584490103090708], [0.01618136422550459, 0.20413734072188916, 0.08052941970851513], [-0.14584490103090708, 0.08052941970851513, -0.5070321380297678]], [[0.3028947973078786, 0.016181364225496042, -0.14584490103091063], [0.016181364225496042, 0.20413734072186784, 0.08052941970850824], [-0.14584490103091063, 0.08052941970850824, -0.5070321380297607]], [[0.30289479730786084, 0.016181364225491546, -0.14584490103090708], [0.016181364225491546, 0.20413734072190337, 0.08052941970852479], [-0.14584490103090708, 0.08052941970852479, -0.5070321380297571]], [[0.3028947973078715, 0.016181364225503148, -0.14584490103090175], [0.016181364225503148, 0.2041373407218856, 0.08052941970851624], [-0.14584490103090175, 0.08052941970851624, -0.5070321380297536]], [[0.3028947973078431, 0.016181364225494654, -0.14584490103088932], [0.016181364225494654, 0.20413734072190692, 0.08052941970851935], [-0.14584490103088932, 0.08052941970851935, -0.5070321380297536]], [[0.3028947973078431, 0.01618136422549976, -0.1458449010308751], [0.01618136422549976, 0.20413734072191048, 0.08052941970851168], [-0.1458449010308751, 0.08052941970851168, -0.5070321380297464]], [[0.30289479730786795, 0.01618136422550448, -0.14584490103091063], [0.01618136422550448, 0.20413734072189627, 0.08052941970851446], [-0.14584490103091063, 0.08052941970851446, -0.5070321380297713]], [[0.3028947973078715, 0.016181364225513306, -0.1458449010309053], [0.016181364225513306, 0.20413734072189627, 0.08052941970851246], [-0.1458449010309053, 0.08052941970851246, -0.5070321380297571]], [[0.30289479730786084, 0.01618136422549704, -0.14584490103090353], [0.01618136422549704, 0.20413734072188916, 0.0805294197085159], [-0.14584490103090353, 0.0805294197085159, -0.5070321380297571]], [[0.3028947973078573, 0.016181364225499262, -0.14584490103089998], [0.016181364225499262, 0.20413734072189982, 0.0805294197085209], [-0.14584490103089998, 0.0805294197085209, -0.5070321380297536]], [[0.30289479730786084, 0.016181364225506978, -0.14584490103090708], [0.016181364225506978, 0.20413734072189982, 0.08052941970850869], [-0.14584490103090708, 0.08052941970850869, -0.50703213802975]], [[0.3028947973078857, 0.016181364225500372, -0.14584490103091596], [0.016181364225500372, 0.20413734072189627, 0.08052941970851835], [-0.14584490103091596, 0.08052941970851835, -0.507032138029782]], [[0.302894797307836, 0.01618136422550087, -0.1458449010308822], [0.01618136422550087, 0.20413734072189627, 0.08052941970851135], [-0.1458449010308822, 0.08052941970851135, -0.5070321380297393]], [[0.3028947973078573, 0.01618136422549915, -0.14584490103089287], [0.01618136422549915, 0.20413734072190337, 0.08052941970851213], [-0.14584490103089287, 0.08052941970851213, -0.5070321380297642]], [[0.30289479730786084, 0.016181364225508088, -0.1458449010309053], [0.016181364225508088, 0.20413734072189982, 0.08052941970850891], [-0.1458449010309053, 0.08052941970850891, -0.5070321380297536]], [[0.3028947973078573, 0.01618136422550076, -0.14584490103089465], [0.01618136422550076, 0.20413734072189982, 0.0805294197085128], [-0.14584490103089465, 0.0805294197085128, -0.5070321380297607]], [[0.3028947973078644, 0.016181364225497263, -0.14584490103090175], [0.016181364225497263, 0.20413734072190337, 0.0805294197085149], [-0.14584490103090175, 0.0805294197085149, -0.5070321380297607]], [[0.30289479730786084, 0.01618136422550398, -0.14584490103090708], [0.01618136422550398, 0.20413734072188916, 0.0805294197085199], [-0.14584490103090708, 0.0805294197085199, -0.5070321380297571]]], "V4CostVals": [-0.17266152147420155, -0.12911009033160942, -0.10211651356263375, -0.08392536420304965, -0.0707734431127285, -0.06000285375791414, -0.05204080137945454, -0.045444660782963595, -0.040136707103681474, -0.035787528719374385, -0.03193235538361818, -0.02881645395202762, -0.026095497736080137, -0.023618243224573555, -0.021415676932160434, -0.019829556372655002, -0.01818836143766709, -0.016663769944559415, -0.015373204759177233, -0.014216863304893154, -0.013304131137748728, -0.012275760432007649, -0.011425916547597203, -0.010599477759006938, -0.010105312569992479, -0.009341495987042524, -0.008732644178656147, -0.008224108575457878, -0.007786100501397334, -0.007337187398969798], "OptimizerConv": [8.168502198997164e-06, 9.70954421819281e-06, 9.182342968236555e-06, 6.785746131009458e-06, 7.575563943858455e-06, 5.969181192067479e-06, 9.560961696044143e-06, 9.497014792426921e-06, 8.944349115008239e-06, 9.446681622469765e-06, 9.156986468518591e-06, 9.85601729860596e-06, 8.696324911307551e-06, 9.292769241289965e-06, 7.620221246577101e-06, 7.2268662445084715e-06, 6.159794088253491e-06, 9.38455739671375e-06, 9.6066737250101e-06, 5.52165364768378e-06, 9.60508001279899e-06, 7.189419419901272e-06, 7.1167077397912645e-06, 7.036149430510995e-06, 9.079635769165003e-06, 9.83946812564124e-06, 7.171986340646473e-06, 5.28089050139872e-06, 8.08212665255861e-06, 9.21200202307134e-06], "nIterations": 30}, "FinalQuadCompare": [[0.024398005624913566, -0.004916104817240807, 0.024287922223946268], [-0.004916104817240807, -0.02141224055648827, -0.0023028969026955837], [0.024287922223946268, -0.0023028969026955837, -0.002985765068437729]], "FinalQuadTotal": [[0.30289479730786084, 0.01618136422550398, -0.14584490103090708], [0.01618136422550398, 0.20413734072188916, 0.0805294197085199], [-0.14584490103090708, 0.0805294197085199, -0.5070321380297571]], "FinalQuadLocal": [[0.2784967916829473, 0.021097469042744788, -0.17013282325485335], [0.021097469042744788, 0.22554958127837743, 0.08283231661121548], [-0.17013282325485335, 0.08283231661121548, -0.5040463729613194]], "FinalValueCostV4": -0.007337187398969798}, {"MolNameIdx": "0029_NC3H9", "SweepDict": {"PenaltyVals": [0.0, 0.1724137931034483, 0.3448275862068966, 0.5172413793103449, 0.6896551724137931, 0.8620689655172414, 1.0344827586206897, 1.206896551724138, 1.3793103448275863, 1.5517241379310347, 1.7241379310344829, 1.896551724137931, 2.0689655172413794, 2.241379310344828, 2.413793103448276, 2.586206896551724, 2.7586206896551726, 2.931034482758621, 3.1034482758620694, 3.2758620689655173, 3.4482758620689657, 3.620689655172414, 3.793103448275862, 3.9655172413793105, 4.137931034482759, 4.310344827586207, 4.482758620689656, 4.655172413793104, 4.827586206896552, 5.0], "RootMeanDisplacement": [0.0002559076264525368, 0.0001325816678087175, 0.0002387980028257229, 0.00015090085518751708, 0.00014184344400241375, 0.0001631786012132309, 0.00011993225433491976, 0.0001617953923373582, 0.00019737801590596744, 0.00034504048145051977, 0.00014368323725431342, 0.0002327512487698278, 0.00020781495622482018, 0.0001269734964797441, 0.0003204984279928328, 0.0001496779270744931, 0.00015052296888456646, 8.85832191873982e-05, 0.00016128249958745661, 8.321358727591054e-05, 0.00017428213563455106, 0.00024047661257094595, 0.00013398590067475544, 0.0001485365950056782, 0.00012254423884981174, 0.0001944071009825822, 0.00015139463916939364, 0.00013717186175911552, 0.00017567462458499043, 0.00017287543046584145], "QuadDifference": [[[1.0573377348777058e-05, -0.0007118343655805326, 0.00016766014412628039], [-0.0007118343655805326, -9.481384703136087e-05, -0.00019168291648163915], [0.00016766014412628039, -0.00019168291648163915, 8.424046967725474e-05]], [[0.0005202224907456809, 0.0002515346340898894, 0.00020457523594163973], [0.0002515346340898894, -1.6859601224439302e-05, 1.7505033484965793e-05], [0.00020457523594163973, 1.7505033484965793e-05, -0.0005033628895212416]], [[-1.5309760179604837e-06, 0.00024254250917765674, -4.0282252919077166e-05], [0.00024254250917765674, 0.0001881912689682963, -0.00024270313011065525], [-4.0282252919077166e-05, -0.00024270313011065525, -0.00018666029295566489]], [[0.0007388606053204683, 0.00016542026168719914, -5.228237246601708e-05], [0.00016542026168719914, -0.00018661126087948787, 9.056958148967453e-05], [-5.228237246601708e-05, 9.056958148967453e-05, -0.0005522493444480858]], [[3.355025314633053e-05, -3.9294971452719096e-05, -0.00011915845094101485], [-3.9294971452719096e-05, -6.517705013919795e-05, 6.662012949831819e-05], [-0.00011915845094101485, 6.662012949831819e-05, 3.162679697865656e-05]], [[-8.44440208069841e-06, 0.00014411805384462184, 0.00032778308669012546], [0.00014411805384462184, 0.00010346182811815652, -0.0004483172500719945], [0.00032778308669012546, -0.0004483172500719945, -9.501742604633989e-05]], [[-0.0003118702957927155, 7.696299838100273e-05, 0.00018064042735677077], [7.696299838100273e-05, 0.00021048900051212627, 0.00011346560765090885], [0.00018064042735677077, 0.00011346560765090885, 0.00010138129528058926]], [[0.00012368730724077182, 9.866109261214007e-05, -5.4074858320873886e-05], [9.866109261214007e-05, -0.00011098544249676934, 8.64819085872881e-05], [-5.4074858320873886e-05, 8.64819085872881e-05, -1.2701864724462553e-05]], [[9.938017621280437e-05, -8.689304385889329e-05, -7.05235098790169e-05], [-8.689304385889329e-05, -0.00010371285058141666, -3.533529884514053e-05], [-7.05235098790169e-05, -3.533529884514053e-05, 4.332674370388645e-06]], [[-7.320638971464177e-06, 0.00032396777159027224, -0.00012192449104109215], [0.00032396777159027224, -0.00026409312676634045, -8.738265221097663e-05], [-0.00012192449104109215, -8.738265221097663e-05, 0.00027141376574491005]], [[4.1987748442551265e-05, 8.137936289642766e-05, -6.491851166501306e-05], [8.137936289642766e-05, 8.72258731199338e-05, -6.313865566376364e-05], [-6.491851166501306e-05, -6.313865566376364e-05, -0.00012921362155893235]], [[2.378118137613683e-05, 0.00025398042098778717, -5.331395756602575e-05], [0.00025398042098778717, -5.78968485243081e-05, 5.056089467103675e-07], [-5.331395756602575e-05, 5.056089467103675e-07, 3.4115667162382124e-05]], [[9.615782913385829e-05, -3.0639565821832804e-05, -6.388548600089194e-05], [-3.0639565821832804e-05, 1.1382302623985652e-05, -0.0001235682589744158], [-6.388548600089194e-05, -0.0001235682589744158, -0.00010754013174363308]], [[9.884507912971685e-05, -2.2972703286328056e-05, 2.777508860685174e-05], [-2.2972703286328056e-05, -3.907383078427529e-05, 9.502300043173761e-05], [2.777508860685174e-05, 9.502300043173761e-05, -5.977124833655978e-05]], [[0.00015276879271297616, 0.0001019255332543878, -0.00020642404304993534], [0.0001019255332543878, -9.10091810446545e-05, -0.0002965259285101496], [-0.00020642404304993534, -0.0002965259285101496, -6.175961168075617e-05]], [[0.00016978394504008065, -2.6154612114304143e-05, -3.177160915601718e-05], [-2.6154612114304143e-05, -0.00011595179390866406, 4.273376145924601e-05], [-3.177160915601718e-05, 4.273376145924601e-05, -5.3832151120758454e-05]], [[9.684445756974469e-05, 0.00018185613835397518, 2.0639938981048545e-05], [0.00018185613835397518, -4.8338057826669e-05, 1.7207884514647276e-05], [2.0639938981048545e-05, 1.7207884514647276e-05, -4.850639974129933e-05]], [[-6.852053490646881e-05, -2.906595880913798e-05, -4.0516673117885205e-05], [-2.906595880913798e-05, 8.867742169016424e-05, 0.0001614184953364628], [-4.0516673117885205e-05, 0.0001614184953364628, -2.0156886783695427e-05]], [[-8.772221168484862e-05, -0.0001656335094257777, -6.799306103388858e-05], [-0.0001656335094257777, 0.00016145575724380024, 1.208362633420279e-05], [-6.799306103388858e-05, 1.208362633420279e-05, -7.373354556250433e-05]], [[1.8383965212365183e-05, -8.648187160220644e-05, -9.737594494296786e-05], [-8.648187160220644e-05, 2.9496198017398e-06, 0.00014164618920986527], [-9.737594494296786e-05, 0.00014164618920986527, -2.133358502121041e-05]], [[7.790549386044177e-06, -9.359864592628497e-05, -6.848668146375303e-05], [-9.359864592628497e-05, 2.2624520678249382e-05, -5.873203846817887e-05], [-6.848668146375303e-05, -5.873203846817887e-05, -3.041507006429356e-05]], [[7.204117871850713e-05, 0.00012441656255468558, -4.3641285967233046e-05], [0.00012441656255468558, -0.00015854896936673413, -5.58540425465992e-05], [-4.3641285967233046e-05, -5.58540425465992e-05, 8.6507790648227e-05]], [[3.558373456513664e-05, 7.708486692958871e-05, -6.711888026700308e-06], [7.708486692958871e-05, -3.6129979850585414e-05, 4.462641304492365e-05], [-6.711888026700308e-06, 4.462641304492365e-05, 5.462452943305607e-07]], [[5.9054319429208135e-05, -9.120757961333936e-06, 0.0001329631868216552], [-9.120757961333936e-06, -7.817452482683507e-05, -9.201566167327258e-05], [0.0001329631868216552, -9.201566167327258e-05, 1.9120205413614144e-05]], [[6.495696002062346e-05, 1.7866829375989823e-05, -1.658936718929027e-05], [1.7866829375989823e-05, -1.1108347628407955e-05, -2.110927882803537e-05], [-1.658936718929027e-05, -2.110927882803537e-05, -5.384861238511007e-05]], [[-0.0001586320217690229, -1.2106204033468515e-05, -1.3407575695900675e-05], [-1.2106204033468515e-05, -3.504168404333541e-07, -5.316162654800394e-05], [-1.3407575695900675e-05, -5.316162654800394e-05, 0.0001589824386041272]], [[-0.00016851969785847132, -0.0001291075905984762, 0.00012555482611809055], [-0.0001291075905984762, 0.00016655079455674127, -3.426660612859678e-05], [0.00012555482611809055, -3.426660612859678e-05, 1.9689033017300517e-06]], [[-5.1511050706665173e-05, 8.051345903403728e-05, -1.1164463071366981e-05], [8.051345903403728e-05, 0.00010301251390387733, -2.985462776194936e-05], [-1.1164463071366981e-05, -2.985462776194936e-05, -5.1501463195435804e-05]], [[-5.890834771093978e-06, 0.00012864072151863581, -3.48671410286272e-05], [0.00012864072151863581, -0.00012144906914102194, 7.269300263246237e-05], [-3.48671410286272e-05, 7.269300263246237e-05, 0.00012733990389968142]], [[-1.270089139993047e-05, 9.997634748248885e-05, -1.5132280228868922e-06], [9.997634748248885e-05, 5.0538083975482095e-06, -3.8317651508634754e-05], [-1.5132280228868922e-06, -3.8317651508634754e-05, 7.647082989947762e-06]]], "QuadTotal": [[[0.17232652728223385, 0.11138751649732104, -0.19845524255954583], [0.11138751649732104, 0.08982634711744453, 0.28586903633394023], [-0.19845524255954583, 0.28586903633394023, -0.2621528743996766]], [[0.17181687816881563, 0.11042414749763729, -0.19849215765135497], [0.11042414749763729, 0.08974839287164471, 0.2856598483839754], [-0.19849215765135497, 0.2856598483839754, -0.26156527104046035]], [[0.17233863163557928, 0.11043313962254064, -0.19824730016250136], [0.11043313962254064, 0.08954334200145908, 0.2859200565475781], [-0.19824730016250136, 0.2859200565475781, -0.2618819736370366]], [[0.1715982400542515, 0.11051026187003021, -0.19823530004295176], [0.11051026187003021, 0.0899181445312962, 0.28558678383597424], [-0.19823530004295176, 0.28558678383597424, -0.26151638458554416]], [[0.1723035504064292, 0.11071497710317457, -0.19816842396447765], [0.11071497710317457, 0.08979671032055236, 0.2856107332879656], [-0.19816842396447765, 0.2856107332879656, -0.2621002607269709]], [[0.17234554506165978, 0.1105315640778799, -0.1986153655021159], [0.1105315640778799, 0.08962807144229856, 0.28612567066753236], [-0.1986153655021159, 0.28612567066753236, -0.26197361650395656]], [[0.172648970955386, 0.11059871913335417, -0.19846822284278787], [0.11059871913335417, 0.08952104426990459, 0.28556388780981123], [-0.19846822284278787, 0.28556388780981123, -0.2621700152252906]], [[0.1722134133523383, 0.1105770210391217, -0.1982335075570969], [0.1105770210391217, 0.0898425187129277, 0.2855908715088802], [-0.1982335075570969, 0.2855908715088802, -0.2620559320652749]], [[0.17223772048336272, 0.11076257517558208, -0.19821705890554675], [0.11076257517558208, 0.08983524612100169, 0.2857126887163055], [-0.19821705890554675, 0.2857126887163055, -0.2620729666043662]], [[0.1723444212985612, 0.11035171436014046, -0.19816565792437935], [0.11035171436014046, 0.0899956263971795, 0.2857647360696731], [-0.19816565792437935, 0.2857647360696731, -0.2623400476957336]], [[0.17229511291112232, 0.11059430276882631, -0.1982226639037581], [0.11059430276882631, 0.08964430739729679, 0.2857404920731348], [-0.1982226639037581, 0.2857404920731348, -0.26193942030842265]], [[0.1723133194782136, 0.11042170171075139, -0.19823426845785708], [0.11042170171075139, 0.08978943011895879, 0.2856768478085421], [-0.19823426845785708, 0.2856768478085421, -0.26210274959717594]], [[0.17224094283043456, 0.11070632169753747, -0.19822369692941244], [0.11070632169753747, 0.08972015096778918, 0.28580092167642235], [-0.19822369692941244, 0.28580092167642235, -0.26196109379823085]], [[0.1722382555804458, 0.11069865483500685, -0.19831535750403084], [0.11069865483500685, 0.08977060710121165, 0.28558233041703573], [-0.19831535750403084, 0.28558233041703573, -0.2620088626816628]], [[0.17218433186686966, 0.11057375659847501, -0.19808115837238294], [0.11057375659847501, 0.08982254245146493, 0.2859738793459847], [-0.19808115837238294, 0.2859738793459847, -0.2620068743183328]], [[0.17216731671452834, 0.11070183674383127, -0.19825581080625732], [0.11070183674383127, 0.08984748506432894, 0.2856346196560082], [-0.19825581080625732, 0.2856346196560082, -0.26201480177886083]], [[0.17224025620202355, 0.11049382599337942, -0.1983082223544086], [0.11049382599337942, 0.08977987132824339, 0.2856601455329546], [-0.1983082223544086, 0.2856601455329546, -0.26202012753026516]], [[0.1724056211944749, 0.11070474809053321, -0.1982470657423132], [0.11070474809053321, 0.08964285584873721, 0.28551593492213456], [-0.1982470657423132, 0.28551593492213456, -0.26204847704321566]], [[0.17242482287128524, 0.11084131564116406, -0.19821958935440698], [0.11084131564116406, 0.08957007751315871, 0.28566526979114215], [-0.19821958935440698, 0.28566526979114215, -0.2619949003844475]], [[0.1723187166943667, 0.11076216400333383, -0.19819020647047303], [0.11076216400333383, 0.08972858365062208, 0.2855357072282452], [-0.19819020647047303, 0.2855357072282452, -0.26204730034497814]], [[0.17232931011018593, 0.11076928077765702, -0.19821909573394603], [0.11076928077765702, 0.08970890874973847, 0.28573608545591966], [-0.19821909573394603, 0.28573608545591966, -0.26203821885992085]], [[0.17226505948085702, 0.11055126556917427, -0.19824394112946564], [0.11055126556917427, 0.0898900822397799, 0.28573320746000697], [-0.19824394112946564, 0.28573320746000697, -0.26215514172064047]], [[0.1723015169250175, 0.11059859726479981, -0.19828087052739285], [0.11059859726479981, 0.08976766325028507, 0.28563272700443854], [-0.19828087052739285, 0.28563272700443854, -0.2620691801753079]], [[0.17227804634016408, 0.11068480288969518, -0.19842054560225897], [0.11068480288969518, 0.08980970779524355, 0.2857693690791372], [-0.19842054560225897, 0.2857693690791372, -0.26208775413541296]], [[0.1722721436995549, 0.11065781530234453, -0.19827099304823648], [0.11065781530234453, 0.08974264161806289, 0.2856984626962955], [-0.19827099304823648, 0.2856984626962955, -0.2620147853176178]], [[0.17249573268134455, 0.11068778833575665, -0.19827417483972987], [0.11068778833575665, 0.0897318836872607, 0.2857305150440119], [-0.19827417483972987, 0.2857305150440119, -0.2622276163686035]], [[0.17250562035740558, 0.11080478972231678, -0.19841313724153764], [0.11080478972231678, 0.08956498247589195, 0.2857116200236085], [-0.19841313724153764, 0.2857116200236085, -0.2620706028333011]], [[0.1723886117102822, 0.11059516867270158, -0.19827641795235174], [0.11059516867270158, 0.0896285207565306, 0.2857072080452454], [-0.19827641795235174, 0.2857072080452454, -0.262017132466811]], [[0.1723429914943324, 0.11054704141019744, -0.19825271527438382], [0.11054704141019744, 0.08985298233955419, 0.285604660414819], [-0.19825271527438382, 0.285604660414819, -0.2621959738338884]], [[0.172349801550979, 0.11057570578423892, -0.19828606918739666], [0.11057570578423892, 0.08972647946201917, 0.285715671068969], [-0.19828606918739666, 0.285715671068969, -0.26207628101299285]]], "QuadLocal": [[[0.17233710065958263, 0.1106756821317405, -0.19828758241541955], [0.1106756821317405, 0.08973153327041317, 0.2856773534174586], [-0.19828758241541955, 0.2856773534174586, -0.26206863392999935]], [[0.17233710065956132, 0.11067568213172718, -0.19828758241541333], [0.11067568213172718, 0.08973153327042027, 0.28567735341746037], [-0.19828758241541333, 0.28567735341746037, -0.2620686339299816]], [[0.17233710065956132, 0.1106756821317183, -0.19828758241542044], [0.1106756821317183, 0.08973153327042738, 0.28567735341746747], [-0.19828758241542044, 0.28567735341746747, -0.26206863392999225]], [[0.17233710065957197, 0.11067568213171741, -0.19828758241541777], [0.11067568213171741, 0.08973153327041672, 0.2856773534174639], [-0.19828758241541777, 0.2856773534174639, -0.26206863392999225]], [[0.17233710065957553, 0.11067568213172185, -0.19828758241541866], [0.11067568213172185, 0.08973153327041317, 0.2856773534174639], [-0.19828758241541866, 0.2856773534174639, -0.26206863392999225]], [[0.17233710065957908, 0.11067568213172452, -0.19828758241542577], [0.11067568213172452, 0.08973153327041672, 0.28567735341746037], [-0.19828758241542577, 0.28567735341746037, -0.2620686339300029]], [[0.1723371006595933, 0.11067568213173518, -0.1982875824154311], [0.11067568213173518, 0.08973153327041672, 0.28567735341746214], [-0.1982875824154311, 0.28567735341746214, -0.26206863393001]], [[0.17233710065957908, 0.11067568213173384, -0.19828758241541777], [0.11067568213173384, 0.08973153327043093, 0.28567735341746747], [-0.19828758241541777, 0.28567735341746747, -0.26206863392999935]], [[0.17233710065957553, 0.11067568213172319, -0.19828758241542577], [0.11067568213172319, 0.08973153327042027, 0.28567735341746037], [-0.19828758241542577, 0.28567735341746037, -0.2620686339299958]], [[0.17233710065958974, 0.11067568213173073, -0.19828758241542044], [0.11067568213173073, 0.08973153327041317, 0.28567735341746214], [-0.19828758241542044, 0.28567735341746214, -0.2620686339299887]], [[0.17233710065956487, 0.11067568213172274, -0.1982875824154231], [0.11067568213172274, 0.08973153327041672, 0.285677353417471], [-0.1982875824154231, 0.285677353417471, -0.2620686339299816]], [[0.17233710065958974, 0.11067568213173917, -0.1982875824154231], [0.11067568213173917, 0.08973153327043448, 0.2856773534174888], [-0.1982875824154231, 0.2856773534174888, -0.26206863393001356]], [[0.17233710065956842, 0.11067568213171564, -0.19828758241541333], [0.11067568213171564, 0.08973153327041317, 0.28567735341744793], [-0.19828758241541333, 0.28567735341744793, -0.2620686339299745]], [[0.17233710065957553, 0.11067568213172052, -0.198287582415424], [0.11067568213172052, 0.08973153327042738, 0.28567735341746747], [-0.198287582415424, 0.28567735341746747, -0.26206863392999935]], [[0.17233710065958263, 0.1106756821317294, -0.19828758241543287], [0.1106756821317294, 0.08973153327042027, 0.2856773534174746], [-0.19828758241543287, 0.2856773534174746, -0.26206863393001356]], [[0.17233710065956842, 0.11067568213171697, -0.19828758241541333], [0.11067568213171697, 0.08973153327042027, 0.28567735341746747], [-0.19828758241541333, 0.28567735341746747, -0.2620686339299816]], [[0.1723371006595933, 0.1106756821317334, -0.19828758241542754], [0.1106756821317334, 0.08973153327041672, 0.28567735341746925], [-0.19828758241542754, 0.28567735341746925, -0.26206863393000646]], [[0.17233710065956842, 0.11067568213172407, -0.1982875824154311], [0.11067568213172407, 0.08973153327042738, 0.285677353417471], [-0.1982875824154311, 0.285677353417471, -0.26206863392999935]], [[0.1723371006596004, 0.11067568213173828, -0.19828758241544087], [0.11067568213173828, 0.08973153327040251, 0.28567735341747635], [-0.19828758241544087, 0.28567735341747635, -0.26206863393001]], [[0.17233710065957908, 0.11067568213173162, -0.198287582415416], [0.11067568213173162, 0.08973153327042382, 0.28567735341745504], [-0.198287582415416, 0.28567735341745504, -0.26206863392999935]], [[0.17233710065957197, 0.11067568213173073, -0.19828758241540978], [0.11067568213173073, 0.08973153327041672, 0.2856773534174515], [-0.19828758241540978, 0.2856773534174515, -0.26206863392998514]], [[0.17233710065957553, 0.11067568213172896, -0.1982875824