[{"BasisSet": "aug-cc-pvtz", "LevelOfTheory": "scf", "Scheme": "V5", "StartIndex": 350, "StopIndex": 500, "Cores": 8, "Memory": 8.0}, {"MolNameIdx": "5093_NC6H11", "SweepDict": {"PenaltyVals": [0.0, 0.1724137931034483, 0.3448275862068966, 0.5172413793103449, 0.6896551724137931, 0.8620689655172414, 1.0344827586206897, 1.206896551724138, 1.3793103448275863, 1.5517241379310347, 1.7241379310344829, 1.896551724137931, 2.0689655172413794, 2.241379310344828, 2.413793103448276, 2.586206896551724, 2.7586206896551726, 2.931034482758621, 3.1034482758620694, 3.2758620689655173, 3.4482758620689657, 3.620689655172414, 3.793103448275862, 3.9655172413793105, 4.137931034482759, 4.310344827586207, 4.482758620689656, 4.655172413793104, 4.827586206896552, 5.0], "RootMeanDisplacement": [0.0002201339925245221, 0.002219197715062584, 0.003661168396410457, 0.0044120714728556635, 0.005125423171230849, 0.0055797139203005155, 0.005939994852052118, 0.006100992947925244, 0.006455990741305988, 0.006606374538643418, 0.006697797074635187, 0.006842422389047618, 0.006990449169769382, 0.007109044294645355, 0.007199289450926995, 0.007214336730288156, 0.007340554859754391, 0.007446614455498192, 0.007410486006286485, 0.007536173819036312, 0.007538619490481884, 0.007582635757718068, 0.007700743761539314, 0.007669492081293071, 0.00779298116103321, 0.007711751725859103, 0.007733282101090289, 0.007809909499671934, 0.0077922510252990745, 0.007826518278002422], "QuadDifference": [[[-0.038742372102476, -0.16058245872521582, 0.0763200511830453], [-0.16058245872521582, 0.12521015684893655, -0.05015895791889058], [0.0763200511830453, -0.05015895791889058, -0.08646778474651029]], [[-0.025104367102102287, -0.1240748446411537, 0.05826587681059614], [-0.1240748446411537, 0.08620524852329936, -0.0418869427347337], [0.05826587681059614, -0.0418869427347337, -0.06110088142118286]], [[-0.017669260201564896, -0.1000894616060286, 0.04873338304416297], [-0.1000894616060286, 0.06371753755424692, -0.0358900383597609], [0.04873338304416297, -0.0358900383597609, -0.04604827735271755]], [[-0.014051861128677956, -0.08465459404952824, 0.041480072610427854], [-0.08465459404952824, 0.051004461441905846, -0.03209610630521098], [0.041480072610427854, -0.03209610630521098, -0.0369526003132421]], [[-0.010804359900923544, -0.07273625367062309, 0.03683465006424402], [-0.07273625367062309, 0.04115385726665721, -0.02772756437589763], [0.03683465006424402, -0.02772756437589763, -0.030349497365758538]], [[-0.009309104324977113, -0.06362434634305814, 0.032809126982771275], [-0.06362434634305814, 0.034763814560953676, -0.02515263108379795], [0.032809126982771275, -0.02515263108379795, -0.02545471023598367]], [[-0.007866326227087939, -0.057000721398893006, 0.02938121010749306], [-0.057000721398893006, 0.029932339844947364, -0.023064038375795626], [0.02938121010749306, -0.023064038375795626, -0.02206601361787719]], [[-0.006749542896365313, -0.05126735486865641, 0.026485929984009893], [-0.05126735486865641, 0.02645385415947743, -0.021283655200289076], [0.026485929984009893, -0.021283655200289076, -0.019704311263133434]], [[-0.005896671903535378, -0.04642398512299195, 0.024720568887321548], [-0.04642398512299195, 0.02298242134489925, -0.019770309615680937], [0.024720568887321548, -0.019770309615680937, -0.017085749441339004]], [[-0.005268408077974129, -0.04285288715069413, 0.022689960370606777], [-0.04285288715069413, 0.020688033944288975, -0.018264531403143103], [0.022689960370606777, -0.018264531403143103, -0.01541962586630774]], [[-0.004910901703816251, -0.03964244858291721, 0.02100138696524212], [-0.03964244858291721, 0.018967886308352888, -0.017028711361768423], [0.02100138696524212, -0.017028711361768423, -0.014056984604522427]], [[-0.004501955241018152, -0.03674472283402963, 0.01968316462378006], [-0.03674472283402963, 0.017276805959490105, -0.016057526641397146], [0.01968316462378006, -0.016057526641397146, -0.012774850718464847]], [[-0.004117860149754904, -0.03428316014091237, 0.01840942730272932], [-0.03428316014091237, 0.01597550962670624, -0.014914151166149914], [0.01840942730272932, -0.014914151166149914, -0.011857649476979759]], [[-0.0037747661443887637, -0.032211749181385585, 0.01727255922024451], [-0.032211749181385585, 0.014658068642745548, -0.014372913748808003], [0.01727255922024451, -0.014372913748808003, -0.010883302498335468]], [[-0.003522053442146955, -0.030293112238595654, 0.01645565367495916], [-0.030293112238595654, 0.01368756117910408, -0.013613244325740403], [0.01645565367495916, -0.013613244325740403, -0.010165507736946466]], [[-0.003341797726079676, -0.02868129472808789, 0.015493062354103415], [-0.02868129472808789, 0.012937932192798485, -0.012975911000105533], [0.015493062354103415, -0.012975911000105533, -0.009596134466754336]], [[-0.0031077391376115315, -0.027147459203852975, 0.014831354236936711], [-0.027147459203852975, 0.011980026766430285, -0.012360058940263485], [0.014831354236936711, -0.012360058940263485, -0.008872287628843623]], [[-0.0029631548741164693, -0.025762273003010705, 0.01400320275426381], [-0.025762273003010705, 0.01123155025053535, -0.011838230374690006], [0.01400320275426381, -0.011838230374690006, -0.00826839537641888]], [[-0.0028620667751013684, -0.02466559386481393, 0.013417431617659403], [-0.02466559386481393, 0.010717620374656178, -0.011379817186349506], [0.013417431617659403, -0.011379817186349506, -0.007855553599625864]], [[-0.0026691077154552545, -0.023426878588178823, 0.012840152320546139], [-0.023426878588178823, 0.010221160202384283, -0.010883161261697083], [0.012840152320546139, -0.010883161261697083, -0.007552052486936134]], [[-0.0025857448806121397, -0.02244457894181906, 0.012311102795685258], [-0.02244457894181906, 0.009661650338649963, -0.010395400160846613], [0.012311102795685258, -0.010395400160846613, -0.007075905458002296]], [[-0.002453798005156216, -0.02159880806205905, 0.011900448797139696], [-0.02159880806205905, 0.009297087907548018, -0.010050249816289991], [0.011900448797139696, -0.010050249816289991, -0.006843289902384697]], [[-0.002263807507610238, -0.020680831954571488, 0.011398945293515261], [-0.020680831954571488, 0.00867088019499107, -0.00970823145848243], [0.011398945293515261, -0.00970823145848243, -0.006407072687380833]], [[-0.0021571672153015697, -0.0197720951766307, 0.010968487721222608], [-0.0197720951766307, 0.00823175267004217, -0.00925077067433211], [0.010968487721222608, -0.00925077067433211, -0.006074585454733494]], [[-0.002142737593700872, -0.019110742823407634, 0.010626522724650478], [-0.019110742823407634, 0.007919010205014843, -0.009009535791520307], [0.010626522724650478, -0.009009535791520307, -0.005776272611342392]], [[-0.0019519574850690447, -0.01841008825759971, 0.010177155787970626], [-0.01841008825759971, 0.007645914538763066, -0.008575417904079785], [0.010177155787970626, -0.008575417904079785, -0.005693957053701126]], [[-0.0019257935807033277, -0.017657196454340607, 0.009803792807333345], [-0.017657196454340607, 0.007297341587651829, -0.008331678364761785], [0.009803792807333345, -0.008331678364761785, -0.0053715480069556065]], [[-0.0019668657987708116, -0.01733794212441353, 0.00958182977069022], [-0.01733794212441353, 0.007173748284635906, -0.008161770968021287], [0.00958182977069022, -0.008161770968021287, -0.005206882485847331]], [[-0.0017666209243714093, -0.016518386510497862, 0.009246298486695892], [-0.016518386510497862, 0.006647559658915725, -0.007830783733899338], [0.009246298486695892, -0.007830783733899338, -0.004880938734544316]], [[-0.0017224592356654966, -0.016167866945746567, 0.008946071372015751], [-0.016167866945746567, 0.006671818177181876, -0.007779734756020673], [0.008946071372015751, -0.007779734756020673, -0.004949358941523485]]], "QuadTotal": [[[0.3989161614242178, 0.263891047209718, 0.14941793011756133], [0.263891047209718, -1.022511812179296, -0.4635686372930987], [0.14941793011756133, -0.4635686372930987, 0.6235956507551137]], [[0.38527815642387253, 0.22738343312565945, 0.16747210449002026], [0.22738343312565945, -0.9835069038536304, -0.4718406524772689], [0.16747210449002026, -0.4718406524772689, 0.5982287474297578]], [[0.37784304952322145, 0.20339805009055212, 0.17700459825645964], [0.20339805009055212, -0.9610191928846064, -0.4778375568522488], [0.17700459825645964, -0.4778375568522488, 0.5831761433614133]], [[0.37422565045039136, 0.1879631825340553, 0.18425790869017256], [0.1879631825340553, -0.9483061167722511, -0.481631488906789], [0.18425790869017256, -0.481631488906789, 0.5740804663218597]], [[0.3709781492226085, 0.17604484215518923, 0.18890333123637504], [0.17604484215518923, -0.9384555125970024, -0.4860000308361112], [0.18890333123637504, -0.4860000308361112, 0.5674773633744046]], [[0.3694828936466621, 0.16693293482760296, 0.19292885431781936], [0.16693293482760296, -0.9320654698912989, -0.48857496412821], [0.19292885431781936, -0.48857496412821, 0.5625825762446439]], [[0.3680401155488866, 0.1603093098833881, 0.19635677119313044], [0.1603093098833881, -0.9272339951753352, -0.49066355683618923], [0.19635677119313044, -0.49066355683618923, 0.5591938796264664]], [[0.36692333221813556, 0.15457594335317637, 0.19925205131661095], [0.15457594335317637, -0.9237555094898511, -0.49244394001169756], [0.19925205131661095, -0.49244394001169756, 0.5568321772717439]], [[0.3660704612252772, 0.14973257360752967, 0.2010174124132753], [0.14973257360752967, -0.9202840766752587, -0.49395728559633056], [0.2010174124132753, -0.49395728559633056, 0.5542136154499779]], [[0.3654421973997728, 0.14616147563516435, 0.20304802092999985], [0.14616147563516435, -0.9179896892746768, -0.4954630638088826], [0.20304802092999985, -0.4954630638088826, 0.5525474918748969]], [[0.3650846910255581, 0.14295103706744072, 0.2047365943353654], [0.14295103706744072, -0.9162695416386981, -0.4966988838502475], [0.2047365943353654, -0.4966988838502475, 0.5511848506131258]], [[0.3646757445628168, 0.14005331131853893, 0.2060548166768168], [0.14005331131853893, -0.9145784612898638, -0.49767006857060636], [0.2060548166768168, -0.49767006857060636, 0.5499027167270611]], [[0.3642916494714825, 0.13759174862543233, 0.2073285539979164], [0.13759174862543233, -0.9132771649570941, -0.4988134440458367], [0.2073285539979164, -0.4988134440458367, 0.5489855154856329]], [[0.363948555466159, 0.1355203376659091, 0.20846542208033902], [0.1355203376659091, -0.9119597239731334, -0.49935468146321593], [0.20846542208033902, -0.49935468146321593, 0.5480111685069673]], [[0.36369584276383193, 0.13360170072310495, 0.20928232762567323], [0.13360170072310495, -0.9109892165094351, -0.5001143508862516], [0.20928232762567323, -0.5001143508862516, 0.5472933737455996]], [[0.3635155870477931, 0.13198988321261496, 0.21024491894650232], [0.13198988321261496, -0.9102395875231579, -0.5007516842118775], [0.21024491894650232, -0.5007516842118775, 0.5467240004754004]], [[0.363281528459396, 0.13045604768834096, 0.21090662706365038], [0.13045604768834096, -0.9092816820968324, -0.5013675362717205], [0.21090662706365038, -0.5013675362717205, 0.546000153637447]], [[0.36313694419580145, 0.12907086148757685, 0.21173477854634726], [0.12907086148757685, -0.9085332055808948, -0.5018893648373108], [0.21173477854634726, -0.5018893648373108, 0.5453962613851076]], [[0.36303585609692846, 0.1279741823492877, 0.21232054968293923], [0.1279741823492877, -0.9080192757050582, -0.5023477780256815], [0.21232054968293923, -0.5023477780256815, 0.5449834196081653]], [[0.36284289703715444, 0.12673546707273786, 0.21289782898006493], [0.12673546707273786, -0.9075228155327437, -0.5028444339502958], [0.21289782898006493, -0.5028444339502958, 0.5446799184955893]], [[0.3627595342023824, 0.12575316742629994, 0.21342687850492847], [0.12575316742629994, -0.9069633056689668, -0.5033321950511782], [0.21342687850492847, -0.5033321950511782, 0.5442037714665915]], [[0.36262758732694067, 0.12490739654655769, 0.21383753250346693], [0.12490739654655769, -0.9065987432379217, -0.5036773453956931], [0.21383753250346693, -0.5036773453956931, 0.5439711559109881]], [[0.36243759682933785, 0.123989420439095, 0.21433903600710824], [0.123989420439095, -0.9059725355253647, -0.5040193637535371], [0.21433903600710824, -0.5040193637535371, 0.5435349386960269]], [[0.36233095653697234, 0.12308068366117197, 0.21476949357937514], [0.12308068366117197, -0.9055334080003306, -0.5044768245376723], [0.21476949357937514, -0.5044768245376723, 0.5432024514633724]], [[0.36231652691535743, 0.12241933130795246, 0.21511145857596503], [0.12241933130795246, -0.9052206655353459, -0.5047180594204974], [0.21511145857596503, -0.5047180594204974, 0.5429041386200026]], [[0.36212574680678244, 0.12171867674209835, 0.21556082551264844], [0.12171867674209835, -0.9049475698691367, -0.5051521773079024], [0.21556082551264844, -0.5051521773079024, 0.5428218230623401]], [[0.36209958290247357, 0.12096578493888188, 0.2159341884932502], [0.12096578493888188, -0.9045989969180113, -0.5053959168472701], [0.2159341884932502, -0.5053959168472701, 0.5424994140155519]], [[0.3621406551204984, 0.12064653060896191, 0.21615615152992262], [0.12064653060896191, -0.9044754036150238, -0.5055658242440053], [0.21615615152992262, -0.5055658242440053, 0.5423347484945076]], [[0.36194041024602797, 0.1198269749950498, 0.21649168281392406], [0.1198269749950498, -0.903949214989261, -0.5058968114781024], [0.21649168281392406, -0.5058968114781024, 0.5420088047432117]], [[0.3618962485573931, 0.11947645543027718, 0.21679190992858022], [0.11947645543027718, -0.903973473507584, -0.5059478604559988], [0.21679190992858022, -0.5059478604559988, 0.5420772249501837]]], "QuadLocal": [[[0.3601737893217418, 0.1033085884845022, 0.22573798130060663], [0.1033085884845022, -0.8973016553303594, -0.5137275952119893], [0.22573798130060663, -0.5137275952119893, 0.5371278660086034]], [[0.36017378932177024, 0.10330858848450575, 0.2257379813006164], [0.10330858848450575, -0.897301655330331, -0.5137275952120026], [0.2257379813006164, -0.5137275952120026, 0.537127866008575]], [[0.36017378932165656, 0.10330858848452351, 0.22573798130062261], [0.10330858848452351, -0.8973016553303594, -0.5137275952120097], [0.22573798130062261, -0.5137275952120097, 0.5371278660086958]], [[0.3601737893217134, 0.10330858848452706, 0.2257379813006004], [0.10330858848452706, -0.8973016553303452, -0.513727595212], [0.2257379813006004, -0.513727595212, 0.5371278660086176]], [[0.360173789321685, 0.10330858848456614, 0.22573798130061906], [0.10330858848456614, -0.8973016553303452, -0.5137275952120088], [0.22573798130061906, -0.5137275952120088, 0.537127866008646]], [[0.360173789321685, 0.10330858848454483, 0.22573798130059064], [0.10330858848454483, -0.8973016553303452, -0.513727595212008], [0.22573798130059064, -0.513727595212008, 0.5371278660086602]], [[0.36017378932179867, 0.10330858848449509, 0.2257379813006235], [0.10330858848449509, -0.8973016553303879, -0.5137275952119849], [0.2257379813006235, -0.5137275952119849, 0.5371278660085892]], [[0.36017378932177024, 0.10330858848451996, 0.22573798130062084], [0.10330858848451996, -0.8973016553303736, -0.5137275952119866], [0.22573798130062084, -0.5137275952119866, 0.5371278660086105]], [[0.3601737893217418, 0.10330858848453772, 0.22573798130059686], [0.10330858848453772, -0.8973016553303594, -0.5137275952120115], [0.22573798130059686, -0.5137275952120115, 0.5371278660086389]], [[0.36017378932179867, 0.10330858848447022, 0.22573798130060663], [0.10330858848447022, -0.8973016553303879, -0.5137275952120257], [0.22573798130060663, -0.5137275952120257, 0.5371278660085892]], [[0.3601737893217418, 0.10330858848452351, 0.22573798130060752], [0.10330858848452351, -0.8973016553303452, -0.5137275952120159], [0.22573798130060752, -0.5137275952120159, 0.5371278660086034]], [[0.36017378932179867, 0.1033085884845093, 0.22573798130059686], [0.1033085884845093, -0.8973016553303736, -0.5137275952120035], [0.22573798130059686, -0.5137275952120035, 0.5371278660085963]], [[0.3601737893217276, 0.10330858848451996, 0.2257379813006457], [0.10330858848451996, -0.8973016553303879, -0.5137275952119866], [0.2257379813006457, -0.5137275952119866, 0.5371278660086531]], [[0.36017378932177024, 0.10330858848452351, 0.22573798130058353], [0.10330858848452351, -0.8973016553303879, -0.5137275952120239], [0.22573798130058353, -0.5137275952120239, 0.5371278660086318]], [[0.360173789321685, 0.1033085884845093, 0.22573798130063238], [0.1033085884845093, -0.897301655330331, -0.513727595211992], [0.22573798130063238, -0.513727595211992, 0.5371278660086531]], [[0.3601737893217134, 0.10330858848452706, 0.22573798130060574], [0.10330858848452706, -0.8973016553303594, -0.5137275952119831], [0.22573798130060574, -0.5137275952119831, 0.537127866008646]], [[0.36017378932178445, 0.10330858848448798, 0.2257379813005871], [0.10330858848448798, -0.8973016553304021, -0.513727595211984], [0.2257379813005871, -0.513727595211984, 0.5371278660086034]], [[0.360173789321685, 0.10330858848456614, 0.22573798130061107], [0.10330858848456614, -0.8973016553303594, -0.5137275952120008], [0.22573798130061107, -0.5137275952120008, 0.5371278660086887]], [[0.3601737893218271, 0.10330858848447377, 0.22573798130059863], [0.10330858848447377, -0.8973016553304021, -0.513727595212031], [0.22573798130059863, -0.513727595212031, 0.5371278660085395]], [[0.3601737893216992, 0.10330858848455904, 0.22573798130061107], [0.10330858848455904, -0.8973016553303594, -0.5137275952119928], [0.22573798130061107, -0.5137275952119928, 0.5371278660086531]], [[0.36017378932177024, 0.10330858848448088, 0.22573798130061373], [0.10330858848448088, -0.8973016553303168, -0.5137275952120248], [0.22573798130061373, -0.5137275952120248, 0.5371278660085892]], [[0.36017378932178445, 0.10330858848449864, 0.22573798130060663], [0.10330858848449864, -0.8973016553303736, -0.5137275952119831], [0.22573798130060663, -0.5137275952119831, 0.5371278660086034]], [[0.3601737893217276, 0.10330858848452351, 0.2257379813006235], [0.10330858848452351, -0.8973016553303736, -0.5137275952120195], [0.2257379813006235, -0.5137275952120195, 0.537127866008646]], [[0.36017378932167077, 0.10330858848454127, 0.22573798130059775], [0.10330858848454127, -0.8973016553302884, -0.5137275952120044], [0.22573798130059775, -0.5137275952120044, 0.5371278660086389]], [[0.36017378932165656, 0.10330858848454483, 0.2257379813006155], [0.10330858848454483, -0.897301655330331, -0.5137275952120177], [0.2257379813006155, -0.5137275952120177, 0.5371278660086602]], [[0.3601737893217134, 0.10330858848449864, 0.22573798130061906], [0.10330858848449864, -0.8973016553303736, -0.5137275952119822], [0.22573798130061906, -0.5137275952119822, 0.5371278660086389]], [[0.36017378932177024, 0.10330858848454127, 0.22573798130058353], [0.10330858848454127, -0.8973016553303594, -0.5137275952120319], [0.22573798130058353, -0.5137275952120319, 0.5371278660085963]], [[0.3601737893217276, 0.10330858848454838, 0.22573798130061284], [0.10330858848454838, -0.8973016553303879, -0.5137275952120266], [0.22573798130061284, -0.5137275952120266, 0.5371278660086602]], [[0.36017378932165656, 0.10330858848455193, 0.22573798130061995], [0.10330858848455193, -0.8973016553303452, -0.5137275952120017], [0.22573798130061995, -0.5137275952120017, 0.5371278660086674]], [[0.3601737893217276, 0.10330858848453062, 0.22573798130059597], [0.10330858848453062, -0.8973016553304021, -0.5137275952120195], [0.22573798130059597, -0.5137275952120195, 0.5371278660086602]]], "V4CostVals": [-0.29620887908004484, -0.16859729657069933, -0.10793224410694566, -0.07651093851323588, -0.055995640037910556, -0.04290397284376875, -0.034219139721505316, -0.027734474265671438, -0.022856317788317444, -0.019329960359396055, -0.01653558076608154, -0.014259990557940389, -0.012389458003974493, -0.010943534681729964, -0.009725872564808833, -0.008712177189788832, -0.00781519976403077, -0.007023921722736853, -0.006441949826655241, -0.005843492188809533, -0.005346090299694991, -0.004965700847816665, -0.00454347691723224, -0.0041539885156562685, -0.0038872750780584815, -0.0035923121483322725, -0.0033170188474565005, -0.0031897305143539514, -0.0029027223596098926, -0.0027924443955714006], "OptimizerConv": [9.624332790815041e-06, 7.51700153370266e-06, 8.942109451039271e-06, 9.921883182441028e-06, 7.919047725367723e-06, 9.893377341856444e-06, 7.3868781264798535e-06, 8.12820356438008e-06, 7.450366165355885e-06, 6.3071921170529485e-06, 7.814199557516594e-06, 7.310577445504857e-06, 9.7333417157769e-06, 7.865406630433679e-06, 6.8927001877002295e-06, 9.173342942036443e-06, 8.513625134541645e-06, 8.924778893393467e-06, 9.87271584367571e-06, 9.745087687182521e-06, 4.029341822097743e-06, 9.116942870111916e-06, 8.522127986845511e-06, 8.817920950236174e-06, 8.250520085079523e-06, 9.620732960733295e-06, 9.646911476595559e-06, 5.497970131216156e-06, 8.810748849160884e-06, 5.732576846027804e-06], "nIterations": 30}, "FinalQuadCompare": [[-0.0017224592356654966, -0.016167866945746567, 0.008946071372015751], [-0.016167866945746567, 0.006671818177181876, -0.007779734756020673], [0.008946071372015751, -0.007779734756020673, -0.004949358941523485]], "FinalQuadTotal": [[0.3601737893217276, 0.10330858848453062, 0.22573798130059597], [0.10330858848453062, -0.8973016553304021, -0.5137275952120195], [0.22573798130059597, -0.5137275952120195, 0.5371278660086602]], "FinalQuadLocal": [[0.3618962485573931, 0.11947645543027718, 0.21679190992858022], [0.11947645543027718, -0.903973473507584, -0.5059478604559988], [0.21679190992858022, -0.5059478604559988, 0.5420772249501837]], "FinalValueCostV4": -0.0027924443955714006}, {"MolNameIdx": "5118_ON2C4H10", "SweepDict": {"PenaltyVals": [0.0, 0.1724137931034483, 0.3448275862068966, 0.5172413793103449, 0.6896551724137931, 0.8620689655172414, 1.0344827586206897, 1.206896551724138, 1.3793103448275863, 1.5517241379310347, 1.7241379310344829, 1.896551724137931, 2.0689655172413794, 2.241379310344828, 2.413793103448276, 2.586206896551724, 2.7586206896551726, 2.931034482758621, 3.1034482758620694, 3.2758620689655173, 3.4482758620689657, 3.620689655172414, 3.793103448275862, 3.9655172413793105, 4.137931034482759, 4.310344827586207, 4.482758620689656, 4.655172413793104, 4.827586206896552, 5.0], "RootMeanDisplacement": [0.0014663360590603542, 0.008641379499471878, 0.01372263705131835, 0.01731970715788435, 0.019046981521260047, 0.020275180389284105, 0.021332709751216077, 0.022110689403960097, 0.02250089170643935, 0.023638612690052064, 0.024110061002121604, 0.024671906131879976, 0.024827130773044194, 0.025853554095041507, 0.025873897104268278, 0.02626125630870298, 0.026578916467125895, 0.025987104827034965, 0.02682238446148886, 0.0, 0.0, 0.0, 0.0, 0.0, 0.0, 0.0, 0.0, 0.0, 0.0, 0.0], "QuadDifference": [[[-0.23413741374453423, -0.12843044166173456, -0.009960768098276063], [-0.12843044166173456, -0.013473664953380649, -0.001344424586035231], [-0.009960768098276063, -0.001344424586035231, 0.2476110786979575]], [[-0.18414602494615906, -0.09035991549429312, -0.007875258383873707], [-0.09035991549429312, 0.020492713392343376, -0.009371025050407766], [-0.007875258383873707, -0.009371025050407766, 0.16365331155378726]], [[-0.15577964501562747, -0.07000943150372052, -0.0047902985758279115], [-0.07000943150372052, 0.03242867182936493, -0.008306404843976267], [-0.0047902985758279115, -0.008306404843976267, 0.12335097318626254]], [[-0.13629199242717505, -0.05697910173525855, -0.0032587375423851483], [-0.05697910173525855, 0.03756138558935618, -0.006874229685424282], [-0.0032587375423851483, -0.006874229685424282, 0.09873060683781887]], [[-0.1210957150325811, -0.049162186029974464, -0.004092750276111445], [-0.049162186029974464, 0.036729456607233146, -0.006189159622715934], [-0.004092750276111445, -0.006189159622715934, 0.08436625842536216]], [[-0.10914294493669274, -0.042622284325258164, -0.00292514537860189], [-0.042622284325258164, 0.0357045618681866, -0.005623292719072026], [-0.00292514537860189, -0.005623292719072026, 0.07343838306856298]], [[-0.10033565198102679, -0.0375550886839342, -0.003091121034733746], [-0.0375550886839342, 0.034326189576290744, -0.004998290082140144], [-0.003091121034733746, -0.004998290082140144, 0.06600946240472183]], [[-0.09196368251951981, -0.03390598010886947, -0.002939686326372204], [-0.03390598010886947, 0.03270111522368779, -0.004267554463506684], [-0.002939686326372204, -0.004267554463506684, 0.0592625672958178]], [[-0.0857544573756428, -0.030783809195067846, -0.0026366615375135183], [-0.030783809195067846, 0.0314164367792813, -0.0037579554476003807], [-0.0026366615375135183, -0.0037579554476003807, 0.05433802059634729]], [[-0.07972143554064814, -0.02792385366691974, -0.002645157237062712], [-0.02792385366691974, 0.03059424715804937, -0.003114287232365953], [-0.002645157237062712, -0.003114287232365953, 0.049127188382612985]], [[-0.07490861727873721, -0.025586770708084572, -0.0023589453136576566], [-0.025586770708084572, 0.02922588922177738, -0.003183244950214714], [-0.0023589453136576566, -0.003183244950214714, 0.0456827280569172]], [[-0.07029646763226083, -0.023673520908577217, -0.001971885990471378], [-0.023673520908577217, 0.02749325196788277, -0.0030927797319559858], [-0.001971885990471378, -0.0030927797319559858, 0.04280321566436385]], [[-0.06688373414731075, -0.02196522135847445, -0.0019178873355585324], [-0.02196522135847445, 0.026503117199709436, -0.002511486386236328], [-0.0019178873355585324, -0.002511486386236328, 0.0403806169475871]], [[-0.06301473020442927, -0.020281570490052303, -0.0015763016370593519], [-0.020281570490052303, 0.025694944077102377, -0.002289307780865002], [-0.0015763016370593519, -0.002289307780865002, 0.03731978612731268]], [[-0.05961286191080717, -0.019214706241722723, -0.0017188994341879038], [-0.019214706241722723, 0.024586544971725743, -0.0023758541479335094], [-0.0017188994341879038, -0.0023758541479335094, 0.03502631693912406]], [[-0.056847334858630916, -0.018033643059244042, -0.0017915536517092434], [-0.018033643059244042, 0.023741044783321286, -0.0021118932425441272], [-0.0017915536517092434, -0.0021118932425441272, 0.03310629007532384]], [[-0.05436768033389683, -0.017030189163872222, -0.0014971888864669936], [-0.017030189163872222, 0.022628090415963698, -0.0020833592804159196], [-0.0014971888864669936, -0.0020833592804159196, 0.03173958991796155]], [[-0.05213933522179559, -0.01618730230340404, -0.0015756613653383766], [-0.01618730230340404, 0.021537863460238782, -0.0019827324903225474], [-0.0015756613653383766, -0.0019827324903225474, 0.03060147176155681]], [[-0.049869135689448285, -0.015396615164803507, -0.001510371188398807], [-0.015396615164803507, 0.02100720342652096, -0.0018851568524027584], [-0.001510371188398807, -0.0018851568524027584, 0.028861932262955747]], [[0.0, 0.0, 0.0], [0.0, 0.0, 0.0], [0.0, 0.0, 0.0]], [[0.0, 0.0, 0.0], [0.0, 0.0, 0.0], [0.0, 0.0, 0.0]], [[0.0, 0.0, 0.0], [0.0, 0.0, 0.0], [0.0, 0.0, 0.0]], [[0.0, 0.0, 0.0], [0.0, 0.0, 0.0], [0.0, 0.0, 0.0]], [[0.0, 0.0, 0.0], [0.0, 0.0, 0.0], [0.0, 0.0, 0.0]], [[0.0, 0.0, 0.0], [0.0, 0.0, 0.0], [0.0, 0.0, 0.0]], [[0.0, 0.0, 0.0], [0.0, 0.0, 0.0], [0.0, 0.0, 0.0]], [[0.0, 0.0, 0.0], [0.0, 0.0, 0.0], [0.0, 0.0, 0.0]], [[0.0, 0.0, 0.0], [0.0, 0.0, 0.0], [0.0, 0.0, 0.0]], [[0.0, 0.0, 0.0], [0.0, 0.0, 0.0], [0.0, 0.0, 0.0]], [[0.0, 0.0, 0.0], [0.0, 0.0, 0.0], [0.0, 0.0, 0.0]]], "QuadTotal": [[[0.9544497632068243, -0.7573785736685892, 0.16390549751207661], [-0.7573785736685892, -1.1133615632143687, 0.15912254953816607], [0.16390549751207661, 0.15912254953816607, 0.1589118000074876]], [[0.9044583744082786, -0.795449099836059, 0.16181998779766626], [-0.795449099836059, -1.147327941559908, 0.1671491500025173], [0.16181998779766626, 0.1671491500025173, 0.24286956715160102]], [[0.8760919944778749, -0.8157995838266459, 0.15873502798962225], [-0.8157995838266459, -1.1592638999971996, 0.16608452979611776], [0.15873502798962225, 0.16608452979611776, 0.2831719055192963]], [[0.8566043418894509, -0.8288299135950652, 0.15720346695619547], [-0.8288299135950652, -1.164396613757006, 0.1646523546375196], [0.15720346695619547, 0.1646523546375196, 0.307792271867541]], [[0.841408064494729, -0.836646829300431, 0.15803747968989956], [-0.836646829300431, -1.1635646847749541, 0.16396728457483256], [0.15803747968989956, 0.16396728457483256, 0.32215662028018244]], [[0.8294552943989686, -0.8431867310050833, 0.15686987479240244], [-0.8431867310050833, -1.1625397900359502, 0.16340141767119754], [0.15686987479240244, 0.16340141767119754, 0.333084495636939]], [[0.8206480014431605, -0.8482539266463363, 0.15703585044851653], [-0.8482539266463363, -1.1611614177438412, 0.16277641503424078], [0.15703585044851653, 0.16277641503424078, 0.34051341630068066]], [[0.8122760319817246, -0.8519030352214401, 0.15688441574017098], [-0.8519030352214401, -1.1595363433913235, 0.16204567941561798], [0.15688441574017098, 0.16204567941561798, 0.34726031140952784]], [[0.806066806837876, -0.8550252061351706, 0.15658139095130963], [-0.8550252061351706, -1.1582516649468744, 0.16153608039969392], [0.15658139095130963, 0.16153608039969392, 0.35218485810898414]], [[0.800033785002995, -0.8578851616634822, 0.15658988665087303], [-0.8578851616634822, -1.1574294753259835, 0.16089241218453232], [0.15658988665087303, 0.16089241218453232, 0.3573956903229458]], [[0.7952209667409988, -0.8602222446221646, 0.1563036747274662], [-0.8602222446221646, -1.15606111738947, 0.16096136990235088], [0.1563036747274662, 0.16096136990235088, 0.3608401506484711]], [[0.7906088170944372, -0.8621354944216932, 0.15591661540426838], [-0.8621354944216932, -1.1543284801353337, 0.1608709046840211], [0.15591661540426838, 0.1608709046840211, 0.3637196630408681]], [[0.7871960836095298, -0.8638437939717463, 0.15586261674935464], [-0.8638437939717463, -1.1533383453672315, 0.16028961133833342], [0.15586261674935464, 0.16028961133833342, 0.3661422617576875]], [[0.7833270796667335, -0.8655274448403354, 0.15552103105087323], [-0.8655274448403354, -1.1525301722449228, 0.1600674327329994], [0.15552103105087323, 0.1600674327329994, 0.3692030925781751]], [[0.7799252113729835, -0.8665943090885619, 0.1556636288479849], [-0.8665943090885619, -1.1514217731392336, 0.16015397910003415], [0.1556636288479849, 0.16015397910003415, 0.3714965617662074]], [[0.7771596843208073, -0.8677753722710086, 0.15573628306550802], [-0.8677753722710086, -1.1505762729508433, 0.15989001819463944], [0.15573628306550802, 0.15989001819463944, 0.3734165886299934]], [[0.7746800297961869, -0.8687788261664444, 0.15544191830025333], [-0.8687788261664444, -1.149463318583713, 0.15986148423253255], [0.15544191830025333, 0.15986148423253255, 0.37478328878748357]], [[0.7724516846840288, -0.8696217130268629, 0.15552039077912116], [-0.8696217130268629, -1.1483730916280308, 0.15976085744245694], [0.15552039077912116, 0.15976085744245694, 0.37592140694395937]], [[0.7701814851516389, -0.8704124001655522, 0.15545510060219137], [-0.8704124001655522, -1.1478424315940998, 0.15966328180447142], [0.15545510060219137, 0.15966328180447142, 0.3776609464424041]], [[0.0, 0.0, 0.0], [0.0, 0.0, 0.0], [0.0, 0.0, 0.0]], [[0.0, 0.0, 0.0], [0.0, 0.0, 0.0], [0.0, 0.0, 0.0]], [[0.0, 0.0, 0.0], [0.0, 0.0, 0.0], [0.0, 0.0, 0.0]], [[0.0, 0.0, 0.0], [0.0, 0.0, 0.0], [0.0, 0.0, 0.0]], [[0.0, 0.0, 0.0], [0.0, 0.0, 0.0], [0.0, 0.0, 0.0]], [[0.0, 0.0, 0.0], [0.0, 0.0, 0.0], [0.0, 0.0, 0.0]], [[0.0, 0.0, 0.0], [0.0, 0.0, 0.0], [0.0, 0.0, 0.0]], [[0.0, 0.0, 0.0], [0.0, 0.0, 0.0], [0.0, 0.0, 0.0]], [[0.0, 0.0, 0.0], [0.0, 0.0, 0.0], [0.0, 0.0, 0.0]], [[0.0, 0.0, 0.0], [0.0, 0.0, 0.0], [0.0, 0.0, 0.0]], [[0.0, 0.0, 0.0], [0.0, 0.0, 0.0], [0.0, 0.0, 0.0]]], "QuadLocal": [[[0.7203123494622901, -0.8858090153303237, 0.15394472941380055], [-0.8858090153303237, -1.1268352281677494, 0.15777812495213084], [0.15394472941380055, 0.15777812495213084, 0.4065228787054451]], [[0.7203123494621195, -0.8858090153303522, 0.15394472941379256], [-0.8858090153303522, -1.1268352281675647, 0.15777812495210952], [0.15394472941379256, 0.15777812495210952, 0.4065228787053883]], [[0.7203123494622474, -0.8858090153303664, 0.15394472941379433], [-0.8858090153303664, -1.1268352281678347, 0.1577781249521415], [0.15394472941379433, 0.1577781249521415, 0.4065228787055588]], [[0.7203123494622758, -0.8858090153303237, 0.15394472941381032], [-0.8858090153303237, -1.12683522816765, 0.1577781249520953], [0.15394472941381032, 0.1577781249520953, 0.40652287870535986]], [[0.720312349462148, -0.8858090153304055, 0.15394472941378812], [-0.8858090153304055, -1.126835228167721, 0.15777812495211663], [0.15394472941378812, 0.15777812495211663, 0.4065228787055446]], [[0.7203123494622758, -0.8858090153303415, 0.15394472941380055], [-0.8858090153303415, -1.1268352281677636, 0.1577781249521255], [0.15394472941380055, 0.1577781249521255, 0.40652287870550197]], [[0.7203123494621337, -0.8858090153302705, 0.1539447294137828], [-0.8858090153302705, -1.1268352281675504, 0.15777812495210064], [0.1539447294137828, 0.15777812495210064, 0.4065228787054025]], [[0.7203123494622048, -0.8858090153303095, 0.15394472941379878], [-0.8858090153303095, -1.1268352281676357, 0.1577781249521113], [0.15394472941379878, 0.1577781249521113, 0.40652287870534565]], [[0.7203123494622332, -0.8858090153302385, 0.1539447294137961], [-0.8858090153302385, -1.126835228167593, 0.15777812495209353], [0.1539447294137961, 0.15777812495209353, 0.40652287870533144]], [[0.7203123494623469, -0.8858090153304019, 0.15394472941381032], [-0.8858090153304019, -1.1268352281679341, 0.15777812495216637], [0.15394472941381032, 0.15777812495216637, 0.4065228787055588]], [[0.7203123494622616, -0.8858090153302491, 0.15394472941380855], [-0.8858090153302491, -1.1268352281676925, 0.15777812495213617], [0.15394472941380855, 0.15777812495213617, 0.4065228787053883]], [[0.7203123494621764, -0.8858090153302705, 0.153944729413797], [-0.8858090153302705, -1.126835228167451, 0.1577781249520651], [0.153944729413797, 0.1577781249520651, 0.40652287870523196]], [[0.720312349462219, -0.8858090153302207, 0.1539447294137961], [-0.8858090153302207, -1.126835228167522, 0.1577781249520971], [0.1539447294137961, 0.1577781249520971, 0.4065228787052746]], [[0.7203123494623043, -0.8858090153303877, 0.15394472941381387], [-0.8858090153303877, -1.1268352281678204, 0.1577781249521344], [0.15394472941381387, 0.1577781249521344, 0.40652287870548776]], [[0.7203123494621764, -0.8858090153302847, 0.153944729413797], [-0.8858090153302847, -1.1268352281675078, 0.15777812495210064], [0.153944729413797, 0.15777812495210064, 0.40652287870533144]], [[0.7203123494621764, -0.8858090153302527, 0.15394472941379878], [-0.8858090153302527, -1.126835228167522, 0.1577781249520953], [0.15394472941379878, 0.1577781249520953, 0.4065228787053172]], [[0.7203123494622901, -0.8858090153303166, 0.15394472941378634], [-0.8858090153303166, -1.1268352281677494, 0.15777812495211663], [0.15394472941378634, 0.15777812495211663, 0.4065228787054451]], [[0.7203123494622332, -0.8858090153302669, 0.1539447294137828], [-0.8858090153302669, -1.126835228167792, 0.1577781249521344], [0.1539447294137828, 0.1577781249521344, 0.4065228787055162]], [[0.7203123494621906, -0.8858090153303557, 0.15394472941379256], [-0.8858090153303557, -1.1268352281675789, 0.15777812495206867], [0.15394472941379256, 0.15777812495206867, 0.40652287870535986]], [[0.0, 0.0, 0.0], [0.0, 0.0, 0.0], [0.0, 0.0, 0.0]], [[0.0, 0.0, 0.0], [0.0, 0.0, 0.0], [0.0, 0.0, 0.0]], [[0.0, 0.0, 0.0], [0.0, 0.0, 0.0], [0.0, 0.0, 0.0]], [[0.0, 0.0, 0.0], [0.0, 0.0, 0.0], [0.0, 0.0, 0.0]], [[0.0, 0.0, 0.0], [0.0, 0.0, 0.0], [0.0, 0.0, 0.0]], [[0.0, 0.0, 0.0], [0.0, 0.0, 0.0], [0.0, 0.0, 0.0]], [[0.0, 0.0, 0.0], [0.0, 0.0, 0.0], [0.0, 0.0, 0.0]], [[0.0, 0.0, 0.0], [0.0, 0.0, 0.0], [0.0, 0.0, 0.0]], [[0.0, 0.0, 0.0], [0.0, 0.0, 0.0], [0.0, 0.0, 0.0]], [[0.0, 0.0, 0.0], [0.0, 0.0, 0.0], [0.0, 0.0, 0.0]], [[0.0, 0.0, 0.0], [0.0, 0.0, 0.0], [0.0, 0.0, 0.0]]], "V4CostVals": [-0.4766373432338508, -0.24785007342528761, -0.16106701953967417, -0.11586632841869235, -0.089506143135845, -0.07107566255629381, -0.0589568187838236, -0.04907059141841422, -0.042181694797825395, -0.036019034967362855, -0.03154053345913084, -0.02766453656428852, -0.02483982814081901, -0.021876883815545395, -0.019577143485517777, -0.01771656702976438, -0.016159002005054626, -0.014843039158286463, -0.013540054323015145, 0.0, 0.0, 0.0, 0.0, 0.0, 0.0, 0.0, 0.0, 0.0, 0.0, 0.0], "OptimizerConv": [9.12040309376299e-06, 9.152027514817325e-06, 9.736794030692049e-06, 9.446323771399886e-06, 9.111385685121852e-06, 9.689523811990183e-06, 9.819364513765562e-06, 8.287446537245032e-06, 8.87575413640911e-06, 9.919891949116201e-06, 7.801315444087926e-06, 9.344653380620538e-06, 9.088762499171003e-06, 8.738923682060795e-06, 9.487280694273916e-06, 9.137977760377589e-06, 9.49310746791667e-06, 9.928349888432108e-06, 7.98064101533577e-06, 0.0, 0.0, 0.0, 0.0, 0.0, 0.0, 0.0, 0.0, 0.0, 0.0, 0.0], "nIterations": 20}, "FinalQuadCompare": [[-0.049869135689448285, -0.015396615164803507, -0.001510371188398807], [-0.015396615164803507, 0.02100720342652096, -0.0018851568524027584], [-0.001510371188398807, -0.0018851568524027584, 0.028861932262955747]], "FinalQuadTotal": [[0.7203123494621906, -0.8858090153303557, 0.15394472941379256], [-0.8858090153303557, -1.1268352281675789, 0.15777812495206867], [0.15394472941379256, 0.15777812495206867, 0.40652287870535986]], "FinalQuadLocal": [[0.7701814851516389, -0.8704124001655522, 0.15545510060219137], [-0.8704124001655522, -1.1478424315940998, 0.15966328180447142], [0.15545510060219137, 0.15966328180447142, 0.3776609464424041]], "FinalValueCostV4": -0.013540054323015145}, {"MolNameIdx": "5121_ON2C4H10", "SweepDict": {"PenaltyVals": [0.0, 0.1724137931034483, 0.3448275862068966, 0.5172413793103449, 0.6896551724137931, 0.8620689655172414, 1.0344827586206897, 1.206896551724138, 1.3793103448275863, 1.5517241379310347, 1.7241379310344829, 1.896551724137931, 2.0689655172413794, 2.241379310344828, 2.413793103448276, 2.586206896551724, 2.7586206896551726, 2.931034482758621, 3.1034482758620694, 3.2758620689655173, 3.4482758620689657, 3.620689655172414, 3.793103448275862, 3.9655172413793105, 4.137931034482759, 4.310344827586207, 4.482758620689656, 4.655172413793104, 4.827586206896552, 5.0], "RootMeanDisplacement": [0.0020513539215432047, 0.013424048213231603, 0.024811117693148737, 0.03169803584053814, 0.03643157194609601, 0.04022001607758987, 0.042400138511699735, 0.04447128487330194, 0.04690029854836386, 0.04855760332413157, 0.04829077226665631, 0.049745320644700386, 0.050315969648881194, 0.05176049709118997, 0.052317024833623105, 0.05274190970103133, 0.053604489382163945, 0.054023037603772195, 0.05426121262897755, 0.054686229701876705, 0.05421400990905086, 0.05485378405754963, 0.05585262549128936, 0.05590398705558298, 0.056392848561694096, 0.05623315399934973, 0.0, 0.0, 0.0, 0.0], "QuadDifference": [[[-0.01136374678003449, -0.06413999624589195, 0.22783723401290246], [-0.06413999624589195, 0.2023961074262246, 0.07974959052073238], [0.22783723401290246, 0.07974959052073238, -0.1910323606461901]], [[-0.014281243773552887, -0.057159573816463194, 0.17319143419310734], [-0.057159573816463194, 0.16211583212820102, 0.028342969709813204], [0.17319143419310734, 0.028342969709813204, -0.1478345883545984]], [[-0.01694108643910397, -0.052952508580069946, 0.1365157723854722], [-0.052952508580069946, 0.1246004797997955, 0.005827143180797023], [0.1365157723854722, 0.005827143180797023, -0.10765939336067731]], [[-0.018914003152914916, -0.04650768493808499, 0.11281272525697972], [-0.04650768493808499, 0.09920761081325224, -0.0009052318545084148], [0.11281272525697972, -0.0009052318545084148, -0.08029360766026628]], [[-0.019573445734295092, -0.04169554702180989, 0.09561637217691299], [-0.04169554702180989, 0.08205803824372992, -0.0037707993315283517], [0.09561637217691299, -0.0037707993315283517, -0.06248459250942062]], [[-0.02000017444588309, -0.037550998708880456, 0.08313545201437478], [-0.037550998708880456, 0.06890276278332408, -0.004463906981399646], [0.08313545201437478, -0.004463906981399646, -0.048902588