[{"BasisSet": "aug-cc-pvtz", "LevelOfTheory": "scf", "Scheme": "V5", "StartIndex": 200, "StopIndex": 350, "Cores": 8, "Memory": 8.0}, {"MolNameIdx": "2841_OC6H12", "SweepDict": {"PenaltyVals": [0.0, 0.1724137931034483, 0.3448275862068966, 0.5172413793103449, 0.6896551724137931, 0.8620689655172414, 1.0344827586206897, 1.206896551724138, 1.3793103448275863, 1.5517241379310347, 1.7241379310344829, 1.896551724137931, 2.0689655172413794, 2.241379310344828, 2.413793103448276, 2.586206896551724, 2.7586206896551726, 2.931034482758621, 3.1034482758620694, 3.2758620689655173, 3.4482758620689657, 3.620689655172414, 3.793103448275862, 3.9655172413793105, 4.137931034482759, 4.310344827586207, 4.482758620689656, 4.655172413793104, 4.827586206896552, 5.0], "RootMeanDisplacement": [0.0005325120175352804, 0.0018100535334359315, 0.0017733252969576424, 0.2924702732251947, 0.9304932518928056, 0.04438021917935191, 1.132284908668555, 0.35675464440686344, 0.8573670669429806, 0.7698474261765796, 0.4484028918704296, 0.8561902555191149, 0.3562163251494703, 0.8120183776210975, 0.8605044851023219, 1.1228648576229658, 1.1231214748270435, 1.123378912817292, 1.122641574331549, 1.0106115141863083, 1.0745856173863526, 0.0, 0.0, 0.0, 0.0, 0.0, 0.0, 0.0, 0.0, 0.0], "QuadDifference": [[[-0.26188415216726924, -0.14534303008220206, 0.0858542523715542], [-0.14534303008220206, 0.17981385327651367, 0.048471843870011355], [0.0858542523715542, 0.048471843870011355, 0.08207029889072714]], [[-0.2537737500235835, -0.14022260361738859, 0.08626531952733174], [-0.14022260361738859, 0.15892507686228896, 0.045082763730448505], [0.08626531952733174, 0.045082763730448505, 0.0948486731612661]], [[-0.24534576164147381, -0.1378998066435031, 0.08644410878007491], [-0.1378998066435031, 0.14437661327731632, 0.04197005100816398], [0.08644410878007491, 0.04197005100816398, 0.10096914836418591]], [[-0.1684999428062497, -0.043615719198655256, 0.08252870769153375], [-0.043615719198655256, 0.060127174750931545, 0.0012310617580268968], [0.08252870769153375, 0.0012310617580268968, 0.10837276805528973]], [[-0.18831868304032184, -0.07131818105715126, 0.07941359349296029], [-0.07131818105715126, 0.09057472690612656, 0.01704078082018512], [0.07941359349296029, 0.01704078082018512, 0.09774395613418108]], [[-0.16679219811292967, -0.06387840200967787, 0.07309842368382391], [-0.06387840200967787, 0.07288231582570859, 0.012238340878052867], [0.07309842368382391, 0.012238340878052867, 0.09390988228723529]], [[-0.12176529829993399, -0.08352412527014508, 0.05813177355591925], [-0.08352412527014508, 0.02941356596501521, 0.00595237942364335], [0.05813177355591925, 0.00595237942364335, 0.09235173233486194]], [[-0.10589284775350905, -0.04722937664179483, 0.057298015497202925], [-0.04722937664179483, 0.018591566722776065, -0.0030325107170341425], [0.057298015497202925, -0.0030325107170341425, 0.0873012810307614]], [[-0.09909198392635687, -0.04979827022329175, 0.05336135365249817], [-0.04979827022329175, 0.015723595292016057, -0.0025356801062272893], [0.05336135365249817, -0.0025356801062272893, 0.08336838863438345]], [[-0.0981587745730792, -0.05745830116661921, 0.050681811596811954], [-0.05745830116661921, 0.01874088339906166, -0.00017864829571578866], [0.050681811596811954, -0.00017864829571578866, 0.07941789117400333]], [[-0.09754740669596629, -0.04452741653371106, 0.05015844823653737], [-0.04452741653371106, 0.021362638369069487, -0.00038617185577649593], [0.05015844823653737, -0.00038617185577649593, 0.07618476832685417]], [[-0.09952019560510905, -0.04449403137141417, 0.049616923106288624], [-0.04449403137141417, 0.026828257162023306, 0.0012523676892719493], [0.049616923106288624, 0.0012523676892719493, 0.07269193844314259]], [[-0.09349204277481249, -0.04352962071338595, 0.04713232061803119], [-0.04352962071338595, 0.024296686408945334, -3.592400987884048e-05], [0.04713232061803119, -3.592400987884048e-05, 0.06919535636589558]], [[-0.08642354699087207, -0.041961121370590604, 0.04425357635548366], [-0.041961121370590604, 0.019677939430593483, -0.0004369756120645718], [0.04425357635548366, -0.0004369756120645718, 0.06674560756030701]], [[-0.08208671822256974, -0.0406730101763344, 0.04191245174210856], [-0.0406730101763344, 0.018391078363038105, -0.0007847477090372479], [0.04191245174210856, -0.0007847477090372479, 0.063695639859489]], [[-0.08181249975524452, -0.039654334632814425, 0.04106428938172968], [-0.039654334632814425, 0.020815037534390513, 0.0001745747932204722], [0.04106428938172968, 0.0001745747932204722, 0.06099746222079716]], [[-0.07707957547714273, -0.03852083063794964, 0.038898808496256265], [-0.03852083063794964, 0.018444423062248916, -5.367010032486519e-05], [0.038898808496256265, -5.367010032486519e-05, 0.05863515241486539]], [[-0.07389029017571147, -0.03715330189402266, 0.037246612274376645], [-0.03715330189402266, 0.01785377468578986, -0.00011429508265692334], [0.037246612274376645, -0.00011429508265692334, 0.05603651548993582]], [[-0.07145538618438252, -0.036074544376646145, 0.03585376127181661], [-0.036074544376646145, 0.018000686857746473, 4.10598798374906e-05], [0.03585376127181661, 4.10598798374906e-05, 0.053454699326621835]], [[-0.06794766857990453, -0.035310549771423894, 0.03397827015320232], [-0.035310549771423894, 0.016722809132346583, -5.5369219303713635e-05], [0.03397827015320232, -5.5369219303713635e-05, 0.05122485944761479]], [[-0.06630997319675203, -0.03399451744708415, 0.03335060523324529], [-0.03399451744708415, 0.016957098403821647, -2.9620042660383206e-05], [0.03335060523324529, -2.9620042660383206e-05, 0.04935287479293038]], [[0.0, 0.0, 0.0], [0.0, 0.0, 0.0], [0.0, 0.0, 0.0]], [[0.0, 0.0, 0.0], [0.0, 0.0, 0.0], [0.0, 0.0, 0.0]], [[0.0, 0.0, 0.0], [0.0, 0.0, 0.0], [0.0, 0.0, 0.0]], [[0.0, 0.0, 0.0], [0.0, 0.0, 0.0], [0.0, 0.0, 0.0]], [[0.0, 0.0, 0.0], [0.0, 0.0, 0.0], [0.0, 0.0, 0.0]], [[0.0, 0.0, 0.0], [0.0, 0.0, 0.0], [0.0, 0.0, 0.0]], [[0.0, 0.0, 0.0], [0.0, 0.0, 0.0], [0.0, 0.0, 0.0]], [[0.0, 0.0, 0.0], [0.0, 0.0, 0.0], [0.0, 0.0, 0.0]], [[0.0, 0.0, 0.0], [0.0, 0.0, 0.0], [0.0, 0.0, 0.0]]], "QuadTotal": [[[-0.8283508933064496, -0.8603026314211633, -0.09193879861572363], [-0.8603026314211633, 0.09690920457072139, -0.02630268288952209], [-0.09193879861572363, -0.02630268288952209, 0.7314416887357424]], [[-0.8364612954502064, -0.8654230578862325, -0.09234986577147808], [-0.8654230578862325, 0.1177979809848182, -0.022913602749913053], [-0.09234986577147808, -0.022913602749913053, 0.7186633144654024]], [[-0.8448892838323872, -0.8677458548599617, -0.09252865502426033], [-0.8677458548599617, 0.13234644456991873, -0.019800890027706686], [-0.09252865502426033, -0.019800890027706686, 0.7125428392624542]], [[-0.9217351026675686, -0.9620299423048948, -0.08861325393571029], [-0.9620299423048948, 0.21659588309623246, 0.020938099222473028], [-0.08861325393571029, 0.020938099222473028, 0.705139219571322]], [[-0.9019163624333117, -0.934327480446342, -0.08549813973706932], [-0.934327480446342, 0.18614833094093797, 0.005128380160389412], [-0.08549813973706932, 0.005128380160389412, 0.7157680314923454]], [[-0.9234428473606897, -0.9417672594936022, -0.0791829699280413], [-0.9417672594936022, 0.20384074202154068, 0.009930820102422189], [-0.0791829699280413, 0.009930820102422189, 0.719602105339149]], [[-0.9684697471738275, -0.9221215362333766, -0.06421631980007092], [-0.9221215362333766, 0.24730949188212037, 0.016216781556881443], [-0.06421631980007092, 0.016216781556881443, 0.7211602552917071]], [[-0.9843421977202524, -0.9584162848618831, -0.06338256174135282], [-0.9584162848618831, 0.2581314911242458, 0.025201671697569594], [-0.06338256174135282, 0.025201671697569594, 0.7262107065959924]], [[-0.9911430615472909, -0.9558473912801304, -0.05944589989663562], [-0.9558473912801304, 0.26099946255514794, 0.024704841086755636], [-0.05944589989663562, 0.024704841086755636, 0.7301435989921288]], [[-0.9920762709007249, -0.9481873603368314, -0.05676635784097783], [-0.9481873603368314, 0.2579821744481734, 0.022347809276247688], [-0.05676635784097783, 0.022347809276247688, 0.7340940964525231]], [[-0.9926876387777952, -0.9611182449697679, -0.05624299448072456], [-0.9611182449697679, 0.25536041947812294, 0.022555332836248], [-0.05624299448072456, 0.022555332836248, 0.7373272192996865]], [[-0.9907148498686809, -0.9611516301321075, -0.05570146935044917], [-0.9611516301321075, 0.24989480068516912, 0.020916793291238633], [-0.05570146935044917, 0.020916793291238633, 0.7408200491834691]], [[-0.9967430026988353, -0.9621160407900078, -0.05321686686218996], [-0.9621160407900078, 0.25242637143821867, 0.02220508499037166], [-0.05321686686218996, 0.02220508499037166, 0.7443166312605882]], [[-1.0038114984830173, -0.96368454013313, -0.050338122599601576], [-0.96368454013313, 0.2570451184165279, 0.022606136592589365], [-0.050338122599601576, 0.022606136592589365, 0.7467663800664468]], [[-1.0081483272512486, -0.9649726513272299, -0.0479969979862549], [-0.9649726513272299, 0.2583319794840975, 0.022953908689576252], [-0.0479969979862549, 0.022953908689576252, 0.7498163477671653]], [[-1.0084225457185596, -0.9659913268707498, -0.047148835625838714], [-0.9659913268707498, 0.2559080203127593, 0.021994586187336296], [-0.047148835625838714, 0.021994586187336296, 0.752514525405843]], [[-1.0131554699966756, -0.9671248308655152, -0.04498335474042037], [-0.9671248308655152, 0.2582786347849151, 0.02222283108081413], [-0.04498335474042037, 0.02222283108081413, 0.7548768352117463]], [[-1.0163447552980642, -0.968492359609499, -0.0433311585185745], [-0.968492359609499, 0.25886928316135993, 0.022283456063156848], [-0.0433311585185745, 0.022283456063156848, 0.7574754721366759]], [[-1.0187796592893221, -0.9695711171267476, -0.04193830751600025], [-0.9695711171267476, 0.25872237098933226, 0.022128101100690856], [-0.04193830751600025, 0.022128101100690856, 0.7600572883000041]], [[-1.0222873768938285, -0.9703351117319983, -0.04006281639738418], [-0.9703351117319983, 0.26000024871484584, 0.022224530199824954], [-0.04006281639738418, 0.022224530199824954, 0.7622871281789401]], [[-1.0239250722770663, -0.9716511440564233, -0.03943515147739873], [-0.9716511440564233, 0.2597659594433708, 0.022198781023156755], [-0.03943515147739873, 0.022198781023156755, 0.7641591128336813]], [[0.0, 0.0, 0.0], [0.0, 0.0, 0.0], [0.0, 0.0, 0.0]], [[0.0, 0.0, 0.0], [0.0, 0.0, 0.0], [0.0, 0.0, 0.0]], [[0.0, 0.0, 0.0], [0.0, 0.0, 0.0], [0.0, 0.0, 0.0]], [[0.0, 0.0, 0.0], [0.0, 0.0, 0.0], [0.0, 0.0, 0.0]], [[0.0, 0.0, 0.0], [0.0, 0.0, 0.0], [0.0, 0.0, 0.0]], [[0.0, 0.0, 0.0], [0.0, 0.0, 0.0], [0.0, 0.0, 0.0]], [[0.0, 0.0, 0.0], [0.0, 0.0, 0.0], [0.0, 0.0, 0.0]], [[0.0, 0.0, 0.0], [0.0, 0.0, 0.0], [0.0, 0.0, 0.0]], [[0.0, 0.0, 0.0], [0.0, 0.0, 0.0], [0.0, 0.0, 0.0]]], "QuadLocal": [[[-1.0902350454737189, -1.0056456615033653, -0.006084546244169431], [-1.0056456615033653, 0.27672305784723505, 0.022169160980489266], [-0.006084546244169431, 0.022169160980489266, 0.8135119876264696]], [[-1.09023504547379, -1.0056456615036211, -0.006084546244146338], [-1.0056456615036211, 0.27672305784710716, 0.02216916098053545], [-0.006084546244146338, 0.02216916098053545, 0.8135119876266685]], [[-1.090235045473861, -1.0056456615034648, -0.006084546244185418], [-1.0056456615034648, 0.27672305784723505, 0.022169160980457292], [-0.006084546244185418, 0.022169160980457292, 0.8135119876266401]], [[-1.0902350454738183, -1.00564566150355, -0.006084546244176536], [-1.00564566150355, 0.276723057847164, 0.022169160980499925], [-0.006084546244176536, 0.022169160980499925, 0.8135119876266117]], [[-1.0902350454736336, -1.0056456615034932, -0.006084546244109035], [-1.0056456615034932, 0.2767230578470645, 0.02216916098057453], [-0.006084546244109035, 0.02216916098057453, 0.8135119876265264]], [[-1.0902350454736194, -1.00564566150328, -0.0060845462442173925], [-1.00564566150328, 0.27672305784724927, 0.022169160980475056], [-0.0060845462442173925, 0.022169160980475056, 0.8135119876263843]], [[-1.0902350454737615, -1.0056456615035216, -0.006084546244151667], [-1.0056456615035216, 0.2767230578471356, 0.022169160980524794], [-0.006084546244151667, 0.022169160980524794, 0.8135119876265691]], [[-1.0902350454737615, -1.005645661503678, -0.006084546244149891], [-1.005645661503678, 0.2767230578470219, 0.02216916098053545], [-0.006084546244149891, 0.02216916098053545, 0.8135119876267538]], [[-1.0902350454736478, -1.0056456615034222, -0.0060845462441374565], [-1.0056456615034222, 0.276723057847164, 0.022169160980528346], [-0.0060845462441374565, 0.022169160980528346, 0.8135119876265122]], [[-1.0902350454738041, -1.0056456615034506, -0.006084546244165878], [-1.0056456615034506, 0.27672305784723505, 0.0221691609805319], [-0.006084546244165878, 0.0221691609805319, 0.8135119876265264]], [[-1.0902350454737615, -1.005645661503479, -0.0060845462441871945], [-1.005645661503479, 0.2767230578471924, 0.022169160980471503], [-0.0060845462441871945, 0.022169160980471503, 0.8135119876265406]], [[-1.09023504547379, -1.0056456615035216, -0.006084546244160549], [-1.0056456615035216, 0.2767230578471924, 0.022169160980510583], [-0.006084546244160549, 0.022169160980510583, 0.8135119876266117]], [[-1.0902350454736478, -1.0056456615033937, -0.006084546244158773], [-1.0056456615033937, 0.276723057847164, 0.02216916098049282], [-0.006084546244158773, 0.02216916098049282, 0.8135119876264838]], [[-1.0902350454738894, -1.0056456615037206, -0.0060845462441179166], [-1.0056456615037206, 0.27672305784712137, 0.022169160980524794], [-0.0060845462441179166, 0.022169160980524794, 0.8135119876267538]], [[-1.0902350454738183, -1.0056456615035643, -0.006084546244146338], [-1.0056456615035643, 0.2767230578471356, 0.022169160980539004], [-0.006084546244146338, 0.022169160980539004, 0.8135119876266543]], [[-1.0902350454738041, -1.0056456615035643, -0.006084546244109035], [-1.0056456615035643, 0.2767230578471498, 0.022169160980556768], [-0.006084546244109035, 0.022169160980556768, 0.8135119876266401]], [[-1.0902350454738183, -1.0056456615034648, -0.006084546244164102], [-1.0056456615034648, 0.276723057847164, 0.022169160980489266], [-0.006084546244164102, 0.022169160980489266, 0.8135119876266117]], [[-1.0902350454737757, -1.0056456615035216, -0.006084546244197853], [-1.0056456615035216, 0.2767230578471498, 0.022169160980499925], [-0.006084546244197853, 0.022169160980499925, 0.8135119876266117]], [[-1.0902350454737046, -1.0056456615033937, -0.006084546244183642], [-1.0056456615033937, 0.27672305784707873, 0.022169160980528346], [-0.006084546244183642, 0.022169160980528346, 0.8135119876266259]], [[-1.090235045473733, -1.0056456615034222, -0.006084546244181865], [-1.0056456615034222, 0.2767230578471924, 0.02216916098052124], [-0.006084546244181865, 0.02216916098052124, 0.8135119876265549]], [[-1.0902350454738183, -1.0056456615035074, -0.006084546244153444], [-1.0056456615035074, 0.2767230578471924, 0.022169160980496372], [-0.006084546244153444, 0.022169160980496372, 0.8135119876266117]], [[0.0, 0.0, 0.0], [0.0, 0.0, 0.0], [0.0, 0.0, 0.0]], [[0.0, 0.0, 0.0], [0.0, 0.0, 0.0], [0.0, 0.0, 0.0]], [[0.0, 0.0, 0.0], [0.0, 0.0, 0.0], [0.0, 0.0, 0.0]], [[0.0, 0.0, 0.0], [0.0, 0.0, 0.0], [0.0, 0.0, 0.0]], [[0.0, 0.0, 0.0], [0.0, 0.0, 0.0], [0.0, 0.0, 0.0]], [[0.0, 0.0, 0.0], [0.0, 0.0, 0.0], [0.0, 0.0, 0.0]], [[0.0, 0.0, 0.0], [0.0, 0.0, 0.0], [0.0, 0.0, 0.0]], [[0.0, 0.0, 0.0], [0.0, 0.0, 0.0], [0.0, 0.0, 0.0]], [[0.0, 0.0, 0.0], [0.0, 0.0, 0.0], [0.0, 0.0, 0.0]]], "V4CostVals": [-0.5398836508126131, -0.5003051180751671, -0.4709970694633211, -0.19505539578724584, -0.24417209825395128, -0.19478732537727889, -0.14347464742902072, -0.09636493806261093, -0.08826073179721594, -0.08937540251200478, -0.07898071437154777, -0.07904765766500907, -0.07125990339983061, -0.06296497402863882, -0.05724829338247146, -0.055361128345343326, -0.05009658043401009, -0.04608119124362472, -0.04291547678401278, -0.03928806141731109, -0.03716093734988067, 0.0, 0.0, 0.0, 0.0, 0.0, 0.0, 0.0, 0.0, 0.0], "OptimizerConv": [8.504685920621248e-06, 9.91103180137915e-06, 9.999251183727157e-06, 9.479753982056179e-06, 9.379147992749506e-06, 9.626380816603677e-06, 9.737573645392284e-06, 9.412061925279407e-06, 9.40950686629256e-06, 9.475637370278575e-06, 9.955452120667436e-06, 7.17168559254511e-06, 8.942173762786757e-06, 7.35336433425388e-06, 9.055789654841348e-06, 7.970818798672254e-06, 9.047401381206516e-06, 8.933820294218846e-06, 9.596921837218307e-06, 9.590389363872092e-06, 9.774574099191314e-06, 0.0, 0.0, 0.0, 0.0, 0.0, 0.0, 0.0, 0.0, 0.0], "nIterations": 22}, "FinalQuadCompare": [[-0.06630997319675203, -0.03399451744708415, 0.03335060523324529], [-0.03399451744708415, 0.016957098403821647, -2.9620042660383206e-05], [0.03335060523324529, -2.9620042660383206e-05, 0.04935287479293038]], "FinalQuadTotal": [[-1.0902350454738183, -1.0056456615035074, -0.006084546244153444], [-1.0056456615035074, 0.2767230578471924, 0.022169160980496372], [-0.006084546244153444, 0.022169160980496372, 0.8135119876266117]], "FinalQuadLocal": [[-1.0239250722770663, -0.9716511440564233, -0.03943515147739873], [-0.9716511440564233, 0.2597659594433708, 0.022198781023156755], [-0.03943515147739873, 0.022198781023156755, 0.7641591128336813]], "FinalValueCostV4": -0.03716093734988067}, {"MolNameIdx": "2856_OC6H12", "SweepDict": {"PenaltyVals": [0.0, 0.1724137931034483, 0.3448275862068966, 0.5172413793103449, 0.6896551724137931, 0.8620689655172414, 1.0344827586206897, 1.206896551724138, 1.3793103448275863, 1.5517241379310347, 1.7241379310344829, 1.896551724137931, 2.0689655172413794, 2.241379310344828, 2.413793103448276, 2.586206896551724, 2.7586206896551726, 2.931034482758621, 3.1034482758620694, 3.2758620689655173, 3.4482758620689657, 3.620689655172414, 3.793103448275862, 3.9655172413793105, 4.137931034482759, 4.310344827586207, 4.482758620689656, 4.655172413793104, 4.827586206896552, 5.0], "RootMeanDisplacement": [0.0002200323520095276, 0.002466541812260645, 0.006370779165535921, 0.018741981714158067, 0.028787405414448155, 0.03496446396993026, 0.039682403288891, 1.3295934523747976, 1.3372657756202462, 1.3845520731351098, 1.3562503519951394, 1.6245650101504003, 1.3559363874662016, 0.0, 0.0, 0.0, 0.0, 0.0, 0.0, 0.0, 0.0, 0.0, 0.0, 0.0, 0.0, 0.0, 0.0, 0.0, 0.0, 0.0], "QuadDifference": [[[0.12427942049086482, -0.084491875255992, 0.15902291939183044], [-0.084491875255992, 0.009588289661820681, 0.09598727976171162], [0.15902291939183044, 0.09598727976171162, -0.13386771015261445]], [[0.09633077337690565, -0.0785429872312875, 0.15714166313195221], [-0.0785429872312875, 0.028125799311027322, 0.09650754636621173], [0.15714166313195221, 0.09650754636621173, -0.12445657268798982]], [[0.07685094481900023, -0.07475733766959536, 0.1542085588861397], [-0.07475733766959536, 0.038572358676049134, 0.09438013043525473], [0.1542085588861397, 0.09438013043525473, -0.11542330349502095]], [[0.047593147972179395, -0.06360498779521606, 0.14193547449127664], [-0.06360498779521606, 0.045770873336294926, 0.08588319194149463], [0.14193547449127664, 0.08588319194149463, -0.09336402130851695]], [[0.02994275284626724, -0.0506917555232036, 0.12303314805841126], [-0.0506917555232036, 0.047568107947995486, 0.07912723746462191], [0.12303314805841126, 0.07912723746462191, -0.07751086079424852]], [[0.02099031678665142, -0.04257735493780501, 0.10817670387785938], [-0.04257735493780501, 0.04707599376587268, 0.07396801468691905], [0.10817670387785938, 0.07396801468691905, -0.06806631055256673]], [[0.014651437883344443, -0.035595995188671736, 0.09659702087049027], [-0.035595995188671736, 0.04572722010291841, 0.07002409355194317], [0.09659702087049027, 0.07002409355194317, -0.06037865798624864]], [[0.03257996407458563, -0.022064028644606992, 0.05720339437725386], [-0.022064028644606992, 0.039608014993604, 0.07617897056212186], [0.05720339437725386, 0.07617897056212186, -0.07218797906817542]], [[0.022823914374129117, -0.015952589900877, 0.04886715425980981], [-0.015952589900877, 0.038298126322104054, 0.06901400299178206], [0.04886715425980981, 0.06901400299178206, -0.0611220406962758]], [[0.007453778557788837, -0.02285441791828191, 0.07180703148949874], [-0.02285441791828191, 0.04085500057922786, 0.06035039217044513], [0.07180703148949874, 0.06035039217044513, -0.048308779136917224]], [[0.006386057370036724, -0.02177109315545067, 0.06712729053074895], [-0.02177109315545067, 0.04019142530135866, 0.05783387176099808], [0.06712729053074895, 0.05783387176099808, -0.04657748267146644]], [[0.005306749529182753, -0.01954095887563767, 0.06185679839498448], [-0.01954095887563767, 0.03888140382396443, 0.05565287987572276], [0.06185679839498448, 0.05565287987572276, -0.04418815335321824]], [[0.003931003697431379, -0.017251686540504352, 0.05661981712283648], [-0.017251686540504352, 0.037663015160802615, 0.05327355692859115], [0.05661981712283648, 0.05327355692859115, -0.04159401885816294]], [[0.0, 0.0, 0.0], [0.0, 0.0, 0.0], [0.0, 0.0, 0.0]], [[0.0, 0.0, 0.0], [0.0, 0.0, 0.0], [0.0, 0.0, 0.0]], [[0.0, 0.0, 0.0], [0.0, 0.0, 0.0], [0.0, 0.0, 0.0]], [[0.0, 0.0, 0.0], [0.0, 0.0, 0.0], [0.0, 0.0, 0.0]], [[0.0, 0.0, 0.0], [0.0, 0.0, 0.0], [0.0, 0.0, 0.0]], [[0.0, 0.0, 0.0], [0.0, 0.0, 0.0], [0.0, 0.0, 0.0]], [[0.0, 0.0, 0.0], [0.0, 0.0, 0.0], [0.0, 0.0, 0.0]], [[0.0, 0.0, 0.0], [0.0, 0.0, 0.0], [0.0, 0.0, 0.0]], [[0.0, 0.0, 0.0], [0.0, 0.0, 0.0], [0.0, 0.0, 0.0]], [[0.0, 0.0, 0.0], [0.0, 0.0, 0.0], [0.0, 0.0, 0.0]], [[0.0, 0.0, 0.0], [0.0, 0.0, 0.0], [0.0, 0.0, 0.0]], [[0.0, 0.0, 0.0], [0.0, 0.0, 0.0], [0.0, 0.0, 0.0]], [[0.0, 0.0, 0.0], [0.0, 0.0, 0.0], [0.0, 0.0, 0.0]], [[0.0, 0.0, 0.0], [0.0, 0.0, 0.0], [0.0, 0.0, 0.0]], [[0.0, 0.0, 0.0], [0.0, 0.0, 0.0], [0.0, 0.0, 0.0]], [[0.0, 0.0, 0.0], [0.0, 0.0, 0.0], [0.0, 0.0, 0.0]], [[0.0, 0.0, 0.0], [0.0, 0.0, 0.0], [0.0, 0.0, 0.0]]], "QuadTotal": [[[-0.8576420331928034, -0.21679107456374425, 1.23247253777906], [-0.21679107456374425, 0.9046241054727346, 0.0972112065113322], [1.23247253777906, 0.0972112065113322, -0.04698207227993123]], [[-0.8296933860786453, -0.22273996258830664, 1.2343537940388103], [-0.22273996258830664, 0.8860865958234143, 0.0966909399067859], [1.2343537940388103, 0.0966909399067859, -0.05639320974469797]], [[-0.8102135575212515, -0.22652561215022615, 1.2372868982849496], [-0.22652561215022615, 0.8756400364587051, 0.09881835583780685], [1.2372868982849496, 0.09881835583780685, -0.06542647893743947]], [[-0.7809557606740896, -0.2376779620245486, 1.2495599826795285], [-0.2376779620245486, 0.8684415217981893, 0.1073152943315705], [1.2495599826795285, 0.1073152943315705, -0.08748576112407136]], [[-0.7633053655479216, -0.25059119429640475, 1.268462309112195], [-0.25059119429640475, 0.8666442871863325, 0.11407124880838992], [1.268462309112195, 0.11407124880838992, -0.10333892163842506]], [[-0.7543529294883342, -0.25870559488184597, 1.2833187532927468], [-0.25870559488184597, 0.8671364013684553, 0.1192304715861141], [1.2833187532927468, 0.1192304715861141, -0.11278347188003579]], [[-0.7480140505850272, -0.26568695463087977, 1.2948984363001443], [-0.26568695463087977, 0.8684851750314664, 0.12317439272105446], [1.2948984363001443, 0.12317439272105446, -0.12047112444642494]], [[-0.76594257677624, -0.2792189211750724, 1.3342920627932955], [-0.2792189211750724, 0.874604380140724, 0.11701951571092195], [1.3342920627932955, 0.11701951571092195, -0.10866180336439868]], [[-0.7561865270761245, -0.28533035991885924, 1.3426283029110522], [-0.28533035991885924, 0.8759142688124228, 0.12418448328128662], [1.3426283029110522, 0.12418448328128662, -0.11972774173626988]], [[-0.7408163912593295, -0.2784285319012696, 1.3196884256809795], [-0.2784285319012696, 0.8733573945550717, 0.13284809410251341], [1.3196884256809795, 0.13284809410251341, -0.13254100329578478]], [[-0.7397486700721743, -0.2795118566644277, 1.324368166640184], [-0.2795118566644277, 0.8740209698332393, 0.13536461451209192], [1.324368166640184, 0.13536461451209192, -0.13427229976097976]], [[-0.7386693622310645, -0.28174199094407015, 1.3296386587757496], [-0.28174199094407015, 0.8753309913104914, 0.1375456063973175], [1.3296386587757496, 0.1375456063973175, -0.13666162907935586]], [[-0.7372936163990857, -0.2840312632790898, 1.3348756400477981], [-0.2840312632790898, 0.8765493799735538, 0.13992492934441003], [1.3348756400477981, 0.13992492934441003, -0.13925576357448222]], [[0.0, 0.0, 0.0], [0.0, 0.0, 0.0], [0.0, 0.0, 0.0]], [[0.0, 0.0, 0.0], [0.0, 0.0, 0.0], [0.0, 0.0, 0.0]], [[0.0, 0.0, 0.0], [0.0, 0.0, 0.0], [0.0, 0.0, 0.0]], [[0.0, 0.0, 0.0], [0.0, 0.0, 0.0], [0.0, 0.0, 0.0]], [[0.0, 0.0, 0.0], [0.0, 0.0, 0.0], [0.0, 0.0, 0.0]], [[0.0, 0.0, 0.0], [0.0, 0.0, 0.0], [0.0, 0.0, 0.0]], [[0.0, 0.0, 0.0], [0.0, 0.0, 0.0], [0.0, 0.0, 0.0]], [[0.0, 0.0, 0.0], [0.0, 0.0, 0.0], [0.0, 0.0, 0.0]], [[0.0, 0.0, 0.0], [0.0, 0.0, 0.0], [0.0, 0.0, 0.0]], [[0.0, 0.0, 0.0], [0.0, 0.0, 0.0], [0.0, 0.0, 0.0]], [[0.0, 0.0, 0.0], [0.0, 0.0, 0.0], [0.0, 0.0, 0.0]], [[0.0, 0.0, 0.0], [0.0, 0.0, 0.0], [0.0, 0.0, 0.0]], [[0.0, 0.0, 0.0], [0.0, 0.0, 0.0], [0.0, 0.0, 0.0]], [[0.0, 0.0, 0.0], [0.0, 0.0, 0.0], [0.0, 0.0, 0.0]], [[0.0, 0.0, 0.0], [0.0, 0.0, 0.0], [0.0, 0.0, 0.0]], [[0.0, 0.0, 0.0], [0.0, 0.0, 0.0], [0.0, 0.0, 0.0]], [[0.0, 0.0, 0.0], [0.0, 0.0, 0.0], [0.0, 0.0, 0.0]]], "QuadLocal": [[[-0.7333626127019386, -0.30128294981973625, 1.3914954571708904], [-0.30128294981973625, 0.9142123951345553, 0.1931984862730438], [1.3914954571708904, 0.1931984862730438, -0.18084978243254568]], [[-0.7333626127017396, -0.30128294981959414, 1.3914954571707625], [-0.30128294981959414, 0.9142123951344416, 0.19319848627299763], [1.3914954571707625, 0.19319848627299763, -0.1808497824326878]], [[-0.7333626127022512, -0.3012829498198215, 1.3914954571710894], [-0.3012829498198215, 0.9142123951347543, 0.19319848627306158], [1.3914954571710894, 0.19319848627306158, -0.18084978243246042]], [[-0.7333626127019102, -0.30128294981976467, 1.3914954571708051], [-0.30128294981976467, 0.9142123951344843, 0.19319848627306513], [1.3914954571708051, 0.19319848627306513, -0.1808497824325883]], [[-0.7333626127016544, -0.30128294981960835, 1.3914954571706062], [-0.30128294981960835, 0.914212395134328, 0.19319848627301184], [1.3914954571706062, 0.19319848627301184, -0.18084978243267358]], [[-0.7333626127016828, -0.301282949819651, 1.3914954571706062], [-0.301282949819651, 0.914212395134328, 0.19319848627303315], [1.3914954571706062, 0.19319848627303315, -0.18084978243260252]], [[-0.7333626127016828, -0.3012829498195515, 1.3914954571706346], [-0.3012829498195515, 0.9142123951343848, 0.19319848627299763], [1.3914954571706346, 0.19319848627299763, -0.18084978243267358]], [[-0.7333626127016544, -0.3012829498196794, 1.3914954571705493], [-0.3012829498196794, 0.914212395134328, 0.1931984862730438], [1.3914954571705493, 0.1931984862730438, -0.1808497824325741]], [[-0.7333626127019954, -0.30128294981973625, 1.391495457170862], [-0.30128294981973625, 0.9142123951345269, 0.19319848627306868], [1.391495457170862, 0.19319848627306868, -0.18084978243254568]], [[-0.7333626127015407, -0.3012829498195515, 1.3914954571704783], [-0.3012829498195515, 0.9142123951342995, 0.19319848627295855], [1.3914954571704783, 0.19319848627295855, -0.180849782432702]], [[-0.7333626127021375, -0.30128294981987835, 1.391495457170933], [-0.30128294981987835, 0.914212395134598, 0.19319848627309], [1.391495457170933, 0.19319848627309, -0.1808497824324462]], [[-0.7333626127018817, -0.3012829498197078, 1.391495457170734], [-0.3012829498197078, 0.9142123951344558, 0.19319848627304026], [1.391495457170734, 0.19319848627304026, -0.1808497824325741]], [[-0.7333626127016544, -0.30128294981959414, 1.3914954571706346], [-0.30128294981959414, 0.9142123951343564, 0.19319848627300118], [1.3914954571706346, 0.19319848627300118, -0.18084978243264516]], [[0.0, 0.0, 0.0], [0.0, 0.0, 0.0], [0.0, 0.0, 0.0]], [[0.0, 0.0, 0.0], [0.0, 0.0, 0.0], [0.0, 0.0, 0.0]], [[0.0, 0.0, 0.0], [0.0, 0.0, 0.0], [0.0, 0.0, 0.0]], [[0.0, 0.0, 0.0], [0.0, 0.0, 0.0], [0.0, 0.0, 0.0]], [[0.0, 0.0, 0.0], [0.0, 0.0, 0.0], [0.0, 0.0, 0.0]], [[0.0, 0.0, 0.0], [0.0, 0.0, 0.0], [0.0, 0.0, 0.0]], [[0.0, 0.0, 0.0], [0.0, 0.0, 0.0], [0.0, 0.0, 0.0]], [[0.0, 0.0, 0.0], [0.0, 0.0, 0.0], [0.0, 0.0, 0.0]], [[0.0, 0.0, 0.0], [0.0, 0.0, 0.0], [0.0, 0.0, 0.0]], [[0.0, 0.0, 0.0], [0.0, 0.0, 0.0], [0.0, 0.0, 0.0]], [[0.0, 0.0, 0.0], [0.0, 0.0, 0.0], [0.0, 0.0, 0.0]], [[0.0, 0.0, 0.0], [0.0, 0.0, 0.0], [0.0, 0.0, 0.0]], [[0.0, 0.0, 0.0], [0.0, 0.0, 0.0], [0.0, 0.0, 0.0]], [[0.0, 0.0, 0.0], [0.0, 0.0, 0.0], [0.0, 0.0, 0.0]], [[0.0, 0.0, 0.0], [0.0, 0.0, 0.0], [0.0, 0.0, 0.0]], [[0.0, 0.0, 0.0], [0.0, 0.0, 0.0], [0.0, 0.0, 0.0]], [[0.0, 0.0, 0.0], [0.0, 0.0, 0.0], [0.0, 0.0, 0.0]]], "V4CostVals": [-0.3721796715393733, -0.3376625169900722, -0.3101075233307021, -0.24297127359110093, -0.18205183502924147, -0.1443021109046253, -0.11781430253070352, -0.08597076416844882, -0.06546630170368317, -0.07237019402750619, -0.06527756653029182, -0.05771537708512091, -0.0505222668433361, 0.0, 0.0, 0.0, 0.0, 0.0, 0.0, 0.0, 0.0, 0.0, 0.0, 0.0, 0.0, 0.0, 0.0, 0.0, 0.0, 0.0], "OptimizerConv": [9.393549123549508e-06, 9.075133084250258e-06, 9.508279913157106e-06, 9.229637788011026e-06, 8.99449279137413e-06, 8.48109761974875e-06, 9.124615061898539e-06, 8.518039132216258e-06, 8.47415445533525e-06, 9.98813717600885e-06, 9.895949465840666e-06, 8.514095918073231e-06, 8.639995671555425e-06, 0.0, 0.0, 0.0, 0.0, 0.0, 0.0, 0.0, 0.0, 0.0, 0.0, 0.0, 0.0, 0.0, 0.0, 0.0, 0.0, 0.0], "nIterations": 14}, "FinalQuadCompare": [[0.003931003697431379, -0.017251686540504352, 0.05661981712283648], [-0.017251686540504352, 0.037663015160802615, 0.05327355692859115], [0.05661981712283648, 0.05327355692859115, -0.04159401885816294]], "FinalQuadTotal": [[-0.7333626127016544, -0.30128294981959414, 1.3914954571706346], [-0.30128294981959414, 0.9142123951343564, 0.19319848627300118], [1.3914954571706346, 0.19319848627300118, -0.18084978243264516]], "FinalQuadLocal": [[-0.7372936163990857, -0.2840312632790898, 1.3348756400477981], [-0.2840312632790898, 0.8765493799735538, 0.13992492934441003], [1.3348756400477981, 0.13992492934441003, -0.13925576357448222]], "FinalValueCostV4": -0.0505222668433361}, {"MolNameIdx": "2891_O2C5H6", "SweepDict": {"PenaltyVals": [0.0, 0.1724137931034483, 0.3448275862068966, 0.5172413793103449, 0.6896551724137931, 0.8620689655172414, 1.0344827586206897, 1.206896551724138, 1.3793103448275863, 1.5517241379310347, 1.7241379310344829, 1.896551724137931, 2.0689655172413794, 2.241379310344828, 2.413793103448276, 2.586206896551724, 2.7586206896551726, 2.931034482758621, 3.1034482758620694, 3.2758620689655173, 3.4482758620689657, 3.620689655172414, 3.793103448275862, 3.9655172413793105, 4.137931034482759, 4.310344827586207, 4.482758620689656, 4.655172413793104, 4.827586206896552, 5.0], "RootMeanDisplacement": [0.0037670448216567884, 0.017339704080879422, 0.057693828777406156, 0.08236899160815739, 0.09718965328597896, 0.10552747136083669, 0.11222123283298979, 0.1080775842185484, 0.10787152666954439, 0.11114111269193132, 0.1141205658148775, 0.1175912790094434, 0.11268837438233298, 0.11943170373015351, 0.134548272309364, 0.11911907813788537, 0.1185769876360348, 0.0, 0.0, 0.0, 0.0, 0.0, 0.0, 0.0, 0.0, 0.0, 0.0, 0.0, 0.0, 0.0], "QuadDifference": [[[-0.7372331240460284, -0.06593569530838295, -0.20136005969750848], [-0.06593569530838295, 0.38324497011621617, 0.025392034532806917], [-0.20136005969750848, 0.025392034532806917, 0.35398815392977667]], [[-0.5944350841389934, -0.07299709423523382, -0.1643647448954244], [-0.07299709423523382, 0.2920227182675532, -0.013848767854312882], [-0.1643647448954244, -0.013848767854312882, 0.30241236587141884]], [[-0.45044369577992427, -0.07614652377777986, -0.11149853002646992], [-0.07614652377777986, 0.19473573940160804, -0.01077461569477478], [-0.11149853002646992, -0.01077461569477478, 0.25570795637835886]], [[-0.3538327303981106, -0.05134508554503725, -0.08987369829072378], [-0.05134508554503725, 0.15235911515106437, 0.0046676401351515295], [-0.08987369829072378, 0.0046676401351515295, 0.2014736152470391]], [[-0.3016488540948359, -0.037258304986323765, -0.07780249480596524], [-0.037258304986323765, 0.1348823510196624, 0.00791983043986555], [-0.07780249480596524, 0.00791983043986555, 0.16676650307513796]], [[-0.2662588909475403, -0.028975251832662252, -0.0686349988505448], [-0.028975251832662252, 0.1232718723176518, 0.006465180225211142], [-0.0686349988505448, 0.006465180225211142, 0.1429870186298956]], [[-0.2411022177981863, -0.026902672998929233, -0.05995916423495373], [-0.026902672998929233, 0.11241740387956156, 0.005475286934190748], [-0.05995916423495373, 0.005475286934190748, 0.12868481391861053]], [[-0.2214317447971439, -0.024259567870899446, -0.05498945866598426], [-0.024259567870899446, 0.10586420891155512, 0.0034408921641926327], [-0.05498945866598426, 0.0034408921641926327, 0.11556753588554614]], [[-0.20240974232095255, -0.022938893519523162, -0.05018481086341886], [-0.022938893519523162, 0.09549940926487466, 0.0029897931429196944], [-0.05018481086341886, 0.0029897931429196944, 0.10691033305607789]], [[-0.1874879232201181, -0.020841522777530486, -0.044648096033204965], [-0.020841522777530486, 0.09151719655257295, 0.002307194184428596], [-0.044648096033204965, 0.002307194184428596, 0.09597072666755935]], [[-0.17396414932935045, -0.019466498283975397, -0.041252571229899004], [-0.019466498283975397, 0.08340540482558367, 0.0027323287787694994], [-0.041252571229899004, 0.0027323287787694994, 0.09055874450380941]], [[-0.16177525808433302, -0.018474427173956087, -0.03719890327449171], [-0.018474427173956087, 0.07839242613940911, 0.0025213551118223876], [-0.03719890327449171, 0.0025213551118223876, 0.08338283194493101]], [[-0.15313029296916625, -0.017227445858495116, -0.03470307433939546], [-0.017227445858495116, 0.07539565930132852, 0.0016691278830816003], [-0.03470307433939546, 0.0016691278830816003, 0.07773463366783062]], [[-0.14281479878749792, -0.016413600170821496, -0.031552075614433406], [-0.016413600170821496, 0.06935301562872809, 0.0019015164885800573], [-0.031552075614433406, 0.0019015164885800573, 0.07346178315879115]], [[-0.1341802781577428, -0.014829198764573448, -0.02895965903259423], [-0.014829198764573448, 0.0653023773807817, 0.0019116086161137247], [-0.02895965903259423, 0.0019116086161137247, 0.06887790077701084]], [[-0.12770312498361136, -0.014483406155889611, -0.027983591120463558], [-0.014483406155889611, 0.06305181482543532, 0.0017140689993624392], [-0.027983591120463558, 0.0017140689993624392, 0.06465131015821157]], [[-0.12181877958707332, -0.012397620426909839, -0.027037859202291514], [-0.012397620426909839, 0.06048158478230192, 0.001812887118841644], [-0.027037859202291514, 0.001812887118841644, 0.06133719480470745]], [[0.0, 0.0, 0.0], [0.0, 0.0, 0.0], [0.0, 0.0, 0.0]], [[0.0, 0.0, 0.0], [0.0, 0.0, 0.0], [0.0, 0.0, 0.0]], [[0.0, 0.0, 0.0], [0.0, 0.0, 0.0], [0.0, 0.0, 0.0]], [[0.0, 0.0, 0.0], [0.0, 0.0, 0.0], [0.0, 0.0, 0.0]], [[0.0, 0.0, 0.0], [0.0, 0.0, 0.0], [0.0, 0.0, 0.0]], [[0.0, 0.0, 0.0], [0.0, 0.0, 0.0], [0.0, 0.0, 0.0]], [[0.0, 0.0, 0.0], [0.0, 0.0, 0.0], [0.0, 0.0, 0.0]], [[0.0, 0.0, 0.0], [0.0, 0.0, 0.0], [0.0, 0.0, 0.0]], [[0.0, 0.0, 0.0], [0.0, 0.0, 0.0], [0.0, 0.0, 0.0]], [[0.0, 0.0, 0.0], [0.0, 0.0, 0.0], [0.0, 0.0, 0.0]], [[0.0, 0.0, 0.0], [0.0, 0.0, 0.0], [0.0, 0.0, 0.0]], [[0.0, 0.0, 0.0], [0.0, 0.0, 0.0], [0.0, 0.0, 0.0]], [[0.0, 0.0, 0.0], [0.0, 0.0, 0.0], [0.0, 0.0, 0.0]]], "QuadTotal": [[[-0.30103577732614895, -1.9009395997512541, 0.003148356785720452], [-1.9009395997512541, -0.4606104603714414, -0.03971620277776111], [0.003148356785720452, -0.03971620277776111, 0.7616462376976187]], [[-0.4438338172332692, -1.8938782008244175, -0.03384695801642934], [-1.8938782008244175, -0.3693882085227145, -0.0004754003906768389], [-0.03384695801642934, -0.0004754003906768389, 0.8132220257559766]], [[-0.5878252055919404, -1.8907287712816583, -0.08671317288538916], [-1.8907287712816583, -0.2721012296568617, -0.0035495525502398095], [-0.08671317288538916, -0.0035495525502398095, 0.8599264352488092]], [[-0.6844361709739815, -1.915530209514543, -0.10833800462111398], [-1.915530209514543, -0.22972460540628248, -0.01899180838012171], [-0.10833800462111398, -0.01899180838012171, 0.9141607763803137]], [[-0.7366200472772562, -1.9296169900734554, -0.12040920810585298], [-1.9296169900734554, -0.21224784127496577, -0.022243998684761124], [-0.12040920810585298, -0.022243998684761124, 0.9488678885522432]], [[-0.772010010424836, -1.937900043226918, -0.12957670406128585], [-1.937900043226918, -0.2006373625727491, -0.020789348470209745], [-0.12957670406128585, -0.020789348470209745, 0.9726473729975709]], [[-0.7971666835737921, -1.9399726220605231, -0.13825253867687337], [-1.9399726220605231, -0.18978289413484362, -0.019799455179164482], [-0.13825253867687337, -0.019799455179164482, 0.9869495777086428]], [[-0.8168371565751755, -1.9426157271887945, -0.14322224424579844], [-1.9426157271887945, -0.1832296991667164, -0.017765060409107747], [-0.14322224424579844, -0.017765060409107747, 1.0000668557419203]], [[-0.8358591590512816, -1.9439364015401424, -0.1480268920482679], [-1.9439364015401424, -0.17286489952005013, -0.01731396138776553], [-0.1480268920482679, -0.01731396138776553, 1.0087240585713744]], [[-0.8507809781522866, -1.9460337722821208, -0.1535636068786026], [-1.9460337722821208, -0.16888268680766316, -0.016631362429370355], [-0.1535636068786026, -0.016631362429370355, 1.0196636649599782]], [[-0.8643047520432532, -1.947408796775946, -0.15695913168192277], [-1.947408796775946, -0.16077089508060283, -0.01705649702374501], [-0.15695913168192277, -0.01705649702374501, 1.0250756471238702]], [[-0.8764936432879864, -1.948400867885809, -0.16101279963729098], [-1.948400867885809, -0.15575791639457748, -0.016845523356739278], [-0.16101279963729098, -0.016845523356739278, 1.032251559682578]], [[-0.8851386084031532, -1.9496478492013551, -0.16350862857240323], [-1.9496478492013551, -0.1527611495564969, -0.015993296128030465], [-0.16350862857240323, -0.015993296128030465, 1.0378997579596643]], [[-0.895454102584651, -1.9504616948890572, -0.16665962729736172], [-1.9504616948890572, -0.14671850588398172, -0.016225684733464973], [-0.16665962729736172, -0.016225684733464973, 1.042172608468661]], [[-0.9040886232143492, -1.9520460962949215, -0.16925204387930037], [-1.9520460962949215, -0.14266786763596429, -0.016235776861158513], [-0.16925204387930037, -0.016235776861158513, 1.0467564908502993]], [[-0.9105657763885944, -1.9523918889037617, -0.17022811179139374], [-1.9523918889037617, -0.14041730508057526, -0.016038237244380582], [-0.17022811179139374, -0.016038237244380582, 1.0509830814691838]], [[-0.9164501217851893, -1.9544776746327415, -0.1711738437095569], [-1.9544776746327415, -0.1378470750374987, -0.016137055363815378], [-0.1711738437095569, -0.016137055363815378, 1.0542971968227306]], [[0.0, 0.0, 0.0], [0.0, 0.0, 0.0], [0.0, 0.0, 0.0]], [[0.0, 0.0, 0.0], [0.0, 0.0, 0.0], [0.0, 0.0, 0.0]], [[0.0, 0.0, 0.0], [0.0, 0.0, 0.0], [0.0, 0.0, 0.0]], [[0.0, 0.0, 0.0], [0.0, 0.0, 0.0], [0.0, 0.0, 0.0]], [[0.0, 0.0, 0.0], [0.0, 0.0, 0.0], [0.0, 0.0, 0.0]], [[0.0, 0.0, 0.0], [0.0, 0.0, 0.0], [0.0, 0.0, 0.0]], [[0.0, 0.0, 0.0], [0.0, 0.0, 0.0], [0.0, 0.0, 0.0]], [[0.0, 0.0, 0.0], [0.0, 0.0, 0.0], [0.0, 0.0, 0.0]], [[0.0, 0.0, 0.0], [0.0, 0.0, 0.0], [0.0, 0.0, 0.0]], [[0.0, 0.0, 0.0], [0.0, 0.0, 0.0], [0.0, 0.0, 0.0]], [[0.0, 0.0, 0.0], [0.0, 0.0, 0.0], [0.0, 0.0, 0.0]], [[0.0, 0.0, 0.0], [0.0, 0.0, 0.0], [0.0, 0.0, 0.0]], [[0.0, 0.0, 0.0], [0.0, 0.0, 0.0], [0.0, 0.0, 0.0]]], "QuadLocal": [[[-1.0382689013721773, -1.966875295059637, -0.19821170291178802], [-1.966875295059637, -0.07736549025522521, -0.014324168244954194], [-0.19821170291178802, -0.014324168244954194, 1.1156343916273954]], [[-1.0382689013722626, -1.9668752950596513, -0.19821170291185375], [-1.9668752950596513, -0.07736549025516126, -0.014324168244989721], [-0.19821170291185375, -0.014324168244989721, 1.1156343916273954]], [[-1.0382689013718647, -1.9668752950594381, -0.1982117029118590