[{"BasisSet": "aug-cc-pvtz", "LevelOfTheory": "scf", "Scheme": "FB", "Penalty": 0.0, "StartIndex": 0, "StopIndex": 500, "Cores": 8, "Memory": 16.0}, {"Convergence": true, "QuadCompare": [[0.095872929790346, -0.023011284438734847, 0.11252804840759367], [-0.023011284438734847, -0.1287966573354744, -0.022300611768734546], [0.11252804840759367, -0.022300611768734546, 0.03292372754513906]], "QuadTotal": [[0.30289479730466695, 0.01618136423051847, -0.1458449010322731], [0.01618136423051847, 0.20413734072413448, 0.08052941970743643], [-0.1458449010322731, 0.08052941970743643, -0.5070321380287943]], "QuadLocal": [[0.20702186751432095, 0.039192648669253316, -0.2583729494398668], [0.039192648669253316, 0.3329339980596089, 0.10283003147617098], [-0.2583729494398668, 0.10283003147617098, -0.5399558655739334]], "ValueCostV4": -0.17293341285884892, "nSteps": 38}, {"Convergence": true, "QuadCompare": [[0.0005045819282294417, 0.00020579055015756964, -0.0002537904967336857], [0.00020579055015756964, -0.00019544697727624794, 0.00016027238493343532], [-0.0002537904967336857, 0.00016027238493343532, -0.00030913495095319377]], "QuadTotal": [[0.17233710065957197, 0.11067568213173695, -0.19828758241542133], [0.11067568213173695, 0.08973153327044514, 0.28567735341748346], [-0.19828758241542133, 0.28567735341748346, -0.26206863393001]], "QuadLocal": [[0.17183251873134253, 0.11046989158157938, -0.19803379191868764], [0.11046989158157938, 0.08992698024772139, 0.28551708103255], [-0.19803379191868764, 0.28551708103255, -0.2617594989790568]], "ValueCostV4": -2.0826754516589607e-06, "nSteps": 62}, {"Convergence": true, "QuadCompare": [[0.0901322603136272, -0.07509614276996501, -0.13104034760215555], [-0.07509614276996501, 0.021613681154928344, -0.1394978675973615], [-0.13104034760215555, -0.1394978675973615, -0.11174594146855732]], "QuadTotal": [[-0.9483674337572374, 0.4234793114806159, 0.5511328862420974], [0.4234793114806159, 0.49814506694694316, 0.008482151434728635], [0.5511328862420974, 0.008482151434728635, 0.4502223668102925]], "QuadLocal": [[-1.0384996940708646, 0.4985754542505809, 0.682173233844253], [0.4985754542505809, 0.4765313857920148, 0.14798001903209013], [0.682173233844253, 0.14798001903209013, 0.5619683082788498]], "ValueCostV4": -0.3367281141911548, "nSteps": 50}, {"Convergence": true, "QuadCompare": [[0.12268665784939259, 0.04207025063225789, 0.18304937866532534], [0.04207025063225789, -0.07218299742015688, -0.044564873443109776], [0.18304937866532534, -0.044564873443109776, -0.050503660429232156]], "QuadTotal": [[0.007927483481893205, -0.643002456948004, 0.14332739138558104], [-0.643002456948004, -0.3413711907695234, 0.41414339756509466], [0.14332739138558104, 0.41414339756509466, 0.33344370728762485]], "QuadLocal": [[-0.11475917436749938, -0.6850727075802618, -0.0397219872797443], [-0.6850727075802618, -0.2691881933493665, 0.45870827100820444], [-0.0397219872797443, 0.45870827100820444, 0.383947367716857]], "ValueCostV4": -0.3103291262443699, "nSteps": 91}, {"Convergence": true, "QuadCompare": [[0.1040211671368354, -0.07596097948499647, 0.0630921830934219], [-0.07596097948499647, -0.14401700639553638, 0.1511522214709613], [0.0630921830934219, 0.1511522214709613, 0.03999583925871519]], "QuadTotal": [[0.20500728002969737, 0.5737258631737348, 0.18781320041995686], [0.5737258631737348, -0.03655725680654598, -0.31262772954288653], [0.18781320041995686, -0.31262772954288653, -0.16845002322312297]], "QuadLocal": [[0.10098611289286197, 0.6496868426587312, 0.12472101732653496], [0.6496868426587312, 0.1074597495889904, -0.46377995101384784], [0.12472101732653496, -0.46377995101384784, -0.20844586248183816]], "ValueCostV4": -0.31357242532270935, "nSteps": 96}, {"Convergence": true, "QuadCompare": [[-0.2369379377502625, -0.19386754451906185, -0.05855336432165981], [-0.19386754451906185, 0.012884453806300655, -0.0471520891131334], [-0.05855336432165981, -0.0471520891131334, 0.22405348394396185]], "QuadTotal": [[-1.0200231664639006, -1.4116221367921291, -0.21841246861203611], [-1.4116221367921291, 0.5356333456712221, -0.15117014711948862], [-0.21841246861203611, -0.15117014711948862, 0.48438982079265]], "QuadLocal": [[-0.7830852287136381, -1.2177545922730673, -0.1598591042903763], [-1.2177545922730673, 0.5227488918649215, -0.10401805800635522], [-0.1598591042903763, -0.10401805800635522, 0.2603363368486882]], "ValueCostV4": -0.6152395961554666, "nSteps": 61}, {"Convergence": true, "QuadCompare": [[-0.6166377108737038, -0.27610932717738024, 0.008335605678634839], [-0.27610932717738024, 0.1449971519671358, 0.007048319783941104], [0.008335605678634839, 0.007048319783941104, 0.4716405589065431]], "QuadTotal": [[0.7268355107375157, -0.06369538431038535, 0.0014447186576163618], [-0.06369538431038535, -0.014669119238767792, -0.01608432091530937], [0.0014447186576163618, -0.01608432091530937, -0.7121663914987764]], "QuadLocal": [[1.3434732216112195, 0.2124139428669949, -0.006890887021018477], [0.2124139428669949, -0.1596662712059036, -0.023132640699250473], [-0.006890887021018477, -0.023132640699250473, -1.1838069504053195]], "ValueCostV4": -2.47533153349998, "nSteps": 59}, {"Convergence": true, "QuadCompare": [[0.19170019538551486, -0.17685758198229706, 0.000947595947844701], [-0.17685758198229706, -0.6496732878189917, 0.01430543537460939], [0.000947595947844701, 0.01430543537460939, 0.45797309243346973]], "QuadTotal": [[0.1317144694665089, 0.43463384595975185, 0.001994776911245111], [0.43463384595975185, 0.6685868584733683, -0.002077583331902333], [0.001994776911245111, -0.002077583331902333, -0.8003013279398559]], "QuadLocal": [[-0.05998572591900597, 0.6114914279420489, 0.0010471809634004098], [0.6114914279420489, 1.31826014629236, -0.016383018706511723], [0.0010471809634004098, -0.016383018706511723, -1.2582744203733256]], "ValueCostV4": -2.33221621645326, "nSteps": 43}, {"Convergence": true, "QuadCompare": [[0.13312070054255543, -0.043807312793259, 0.14877361273808454], [-0.043807312793259, -0.06902323481446615, 0.018187352230450093], [0.14877361273808454, 0.018187352230450093, -0.06409746572808217]], "QuadTotal": [[-0.21863435976899126, 0.5967732999436883, 0.16619106088358215], [0.5967732999436883, -0.35384273917253495, 0.011655310247682182], [0.16619106088358215, 0.011655310247682182, 0.5724770989415404]], "QuadLocal": [[-0.3517550603115467, 0.6405806127369473, 0.017417448145497616], [0.6405806127369473, -0.2848195043580688, -0.006532041982767911], [0.017417448145497616, -0.006532041982767911, 0.6365745646696226]], "ValueCostV4": -0.2402594420261625, "nSteps": 54}, {"Convergence": true, "QuadCompare": [[0.046171388819111314, -0.015095835359783094, 0.1225056587942821], [-0.015095835359783094, -0.07390360691188036, 0.029581203708110904], [0.1225056587942821, 0.029581203708110904, 0.027732218092765493]], "QuadTotal": [[0.36466193985742734, 0.03920266736631872, 0.43314660687571216], [0.03920266736631872, -0.1003954847914379, -0.6816200471147653], [0.43314660687571216, -0.6816200471147653, -0.2642664550660001]], "QuadLocal": [[0.318490551038316, 0.054298502726101816, 0.31064094808143006], [0.054298502726101816, -0.026491877879557535, -0.7112012508228762], [0.31064094808143006, -0.7112012508228762, -0.2919986731587656]], "ValueCostV4": -0.12938611984896214, "nSteps": 46}, {"Convergence": true, "QuadCompare": [[0.29461785718389066, -0.020749754657668262, 0.03138959488105364], [-0.020749754657668262, -0.21100135257690056, -0.12664070917955605], [0.03138959488105364, -0.12664070917955605, -0.08361650460696524]], "QuadTotal": [[0.3078094272485181, 0.7871634996204513, 0.3073964857625491], [0.7871634996204513, -0.34715416697565615, 0.04473584823832333], [0.3073964857625491, 0.04473584823832333, 0.03934473972715935]], "QuadLocal": [[0.013191570064627456, 0.8079132542781196, 0.27600689088149544], [0.8079132542781196, -0.1361528143987556, 0.17137655741787938], [0.27600689088149544, 0.17137655741787938, 0.12296124433412459]], "ValueCostV4": -0.5522485633687995, "nSteps": 55}, {"Convergence": true, "QuadCompare": [[0.1984787182835248, -0.22870042011805225, -0.026853069664752205], [-0.22870042011805225, -0.3780093189592435, 0.0108999603731057], [-0.026853069664752205, 0.0108999603731057, 0.1795306006757258]], "QuadTotal": [[-0.962668959220629, 0.7110510797585654, 0.3005074227930864], [0.7110510797585654, 0.926630947401577, -0.07385030950024785], [0.3005074227930864, -0.07385030950024785, 0.03603801181906974]], "QuadLocal": [[-1.1611476775041538, 0.9397514998766177, 0.3273604924578386], [0.9397514998766177, 1.3046402663608205, -0.08475026987335355], [0.3273604924578386, -0.08475026987335355, -0.14349258885665606]], "ValueCostV4": -1.0227624473307095, "nSteps": 49}, {"Convergence": true, "QuadCompare": [[0.026994014655258525, 0.005863711719864995, -0.008449633897885], [0.005863711719864995, -0.029832553532500583, 0.004723290558912296], [-0.008449633897885, 0.004723290558912296, 0.0028385388772278475]], "QuadTotal": [[0.05806374494594024, 0.11151295572554432, -0.08167195754636936], [0.11151295572554432, -0.03766006506585029, 0.42644594232452704], [-0.08167195754636936, 0.42644594232452704, -0.0204036798800864]], "QuadLocal": [[0.03106973029068172, 0.10564924400567932, -0.07322232364848436], [0.10564924400567932, -0.007827511533349707, 0.42172265176561474], [-0.07322232364848436, 0.42172265176561474, -0.023242218757314248]], "ValueCostV4": -0.0060029008299529694, "nSteps": 60}, {"Convergence": true, "QuadCompare": [[0.06405666487361827, -0.10168154184958667, 0.1321125311439939], [-0.10168154184958667, -0.014826796816961973, 0.1058406583236593], [0.1321125311439939, 0.1058406583236593, -0.049229868056649195]], "QuadTotal": [[0.2551898905036438, 0.10774195682489562, -0.02885427968907628], [0.10774195682489562, -0.41423501320515044, 0.07629964462634575], [-0.02885427968907628, 0.07629964462634575, 0.15904512270152793]], "QuadLocal": [[0.19113322563002555, 0.2094234986744823, -0.16096681083307018], [0.2094234986744823, -0.39940821638818846, -0.029541013697313545], [-0.16096681083307018, -0.029541013697313545, 0.20827499075817713]], "ValueCostV4": -0.27015183539120896, "nSteps": 68}, {"Convergence": true, "QuadCompare": [[-0.1737056585448684, -0.05595756754431591, 0.01145447517024014], [-0.05595756754431591, -0.32345146165707206, 0.0440686442727307], [0.01145447517024014, 0.0440686442727307, 0.497157120201944]], "QuadTotal": [[0.7816097987625916, -0.2539925661359087, 0.0005705636627897637], [-0.2539925661359087, 0.09464573033211465, 0.002131254794506876], [0.0005705636627897637, 0.002131254794506876, -0.8762555290946992]], "QuadLocal": [[0.95531545730746, -0.1980349985915928, -0.010883911507450376], [-0.1980349985915928, 0.4180971919891867, -0.04193738947822383], [-0.010883911507450376, -0.04193738947822383, -1.3734126492966432]], "ValueCostV4": -1.250920895676909, "nSteps": 73}, {"Convergence": true, "QuadCompare": [[0.047432704676765525, 0.01829866230689703, -0.018318408591775803], [0.01829866230689703, -0.016243609435306894, 0.02114485649932263], [-0.018318408591775803, 0.02114485649932263, -0.031189095241455078]], "QuadTotal": [[-0.18904453266176802, -0.031169527394684593, 0.02827242090040727], [-0.031169527394684593, 0.06335651322048363, -0.07589459009023614], [0.02827242090040727, -0.07589459009023614, 0.12568801944127728]], "QuadLocal": [[-0.23647723733853354, -0.04946818970158162, 0.04659082949218307], [-0.04946818970158162, 0.07960012265579053, -0.09703944658955876], [0.04659082949218307, -0.09703944658955876, 0.15687711468273235]], "ValueCostV4": -0.01824085103434112, "nSteps": 57}, {"Convergence": true, "QuadCompare": [[0.09840452026246993, 0.2148523942124232, -0.027951849023732933], [0.2148523942124232, -0.1534405277220543, 0.05723319232962609], [-0.027951849023732933, 0.05723319232962609, 0.05503600745957726]], "QuadTotal": [[0.4728640494875549, -0.025835661865270865, 0.12452275562174764], [-0.025835661865270865, -0.861100730718313, -0.45027381541242306], [0.12452275562174764, -0.45027381541242306, 0.38823668123075095]], "QuadLocal": [[0.37445952922508496, -0.24068805607769406, 0.15247460464548057], [-0.24068805607769406, -0.7076602029962586, -0.5075070077420492], [0.15247460464548057, -0.5075070077420492, 0.3332006737711737]], "ValueCostV4": -0.4357957851573365, "nSteps": 96}, {"Convergence": true, "QuadCompare": [[0.19360334276943547, -0.17616827980926075, -0.0008976434593820914], [-0.17616827980926075, -0.3929981219601899, -0.0001463577519703052], [-0.0008976434593820914, -0.0001463577519703052, 0.1993947791907118]], "QuadTotal": [[-0.44320091652869564, -0.010107239091027509, -2.2462482342333612e-05], [-0.010107239091027509, 0.47836143838105727, 0.00343704230547065], [-2.2462482342333612e-05, 0.00343704230547065, -0.03516052185241847]], "QuadLocal": [[-0.6368042592981311, 0.16606104071823324, 0.0008751809770397578], [0.16606104071823324, 0.8713595603412472, 0.0035834000574409552], [0.0008751809770397578, 0.0035834000574409552, -0.23455530104313027]], "ValueCostV4": -0.9365446645035946, "nSteps": 115}, {"Convergence": true, "QuadCompare": [[0.07957142206638679, 6.82339960825229e-05, -0.016676054419243247], [6.82339960825229e-05, -0.02621173581754732, -1.0212580624391343e-05], [-0.016676054419243247, -1.0212580624391343e-05, -0.05335968624884657]], "QuadTotal": [[-0.6824696404331618, 0.0019301062575492467, -0.23498665155536091], [0.0019301062575492467, 0.5950159638801367, 0.0035495294433744995], [-0.23498665155536091, 0.0035495294433744995, 0.08745367655303227]], "QuadLocal": [[-0.7620410624995486, 0.0018618722614667238, -0.21831059713611767], [0.0018618722614667238, 0.621227699697684, 0.003559742023998891], [-0.21831059713611767, 0.003559742023998891, 0.14081336280187884]], "ValueCostV4": -0.03322701173145743, "nSteps": 52}, {"Convergence": true, "QuadCompare": [[-0.48927384939474905, -0.04743466338732494, 0.002934399913290725], [-0.04743466338732494, -0.2224550340203848, 0.002133540651630156], [0.002934399913290725, 0.002133540651630156, 0.7117288834151267]], "QuadTotal": [[1.5905718052972873, 0.39645305579345025, -0.0052036170761839695], [0.39645305579345025, -0.5761973371480025, -0.0019348388329298583], [-0.0052036170761839695, -0.0019348388329298583, -1.014374468149299]], "QuadLocal": [[2.0798456546920363, 0.4438877191807752, -0.008138016989474695], [0.4438877191807752, -0.3537423031276177, -0.004068379484560014], [-0.008138016989474695, -0.004068379484560014, -1.7261033515644257]], "ValueCostV4": -2.5503719377851004, "nSteps": 78}, {"Convergence": true, "QuadCompare": [[0.10293974355408864, 0.01933670361045614, 0.05393551370929295], [0.01933670361045614, -0.10622426317647893, 0.007910931283451106], [0.05393551370929295, 0.007910931283451106, 0.003284519622397397]], "QuadTotal": [[-0.33398720918197, -0.10779565996955398, 1.3678128179664295], [-0.10779565996955398, 0.5454558785981618, -0.0872031405190512], [1.3678128179664295, -0.0872031405190512, -0.21146866941616338]], "QuadLocal": [[-0.43692695273605864, -0.12713236358001012, 1.3138773042571366], [-0.12713236358001012, 0.6516801417746407, -0.09511407180250231], [1.3138773042571366, -0.09511407180250231, -0.21475318903856078]], "ValueCostV4": -0.09112312784228728, "nSteps": 64}, {"Convergence": true, "QuadCompare": [[-0.035842179607207925, -0.0022817654001965337, 0.14194629556801175], [-0.0022817654001965337, -0.04863206740940029, -0.09917232914200369], [0.14194629556801175, -0.09917232914200369, 0.08447424701662243]], "QuadTotal": [[0.6975841613351008, 0.16048398209840276, 0.22728527269164545], [0.16048398209840276, -0.6701293013775071, 0.8704845920759787], [0.22728527269164545, 0.8704845920759787, -0.027454859957586564]], "QuadLocal": [[0.7334263409423087, 0.1627657474985993, 0.0853389771236337], [0.1627657474985993, -0.6214972339681069, 0.9696569212179824], [0.0853389771236337, 0.9696569212179824, -0.11192910697420899]], "ValueCostV4": -0.22560408875913227, "nSteps": 73}, {"Convergence": true, "QuadCompare": [[-0.061499333810886014, -0.331836935691868, 0.022000160863935747], [-0.331836935691868, -0.044397611036984586, -0.07158387204173211], [0.022000160863935747, -0.07158387204173211, 0.10589694484785639]], "QuadTotal": [[-1.7985910312657154, -1.1043541894500422, -0.32570621972853964], [-1.1043541894500422, -0.06633073141051682, -0.3081684028247609], [-0.32570621972853964, -0.3081684028247609, 1.8649217626762393]], "QuadLocal": [[-1.7370916974548294, -0.7725172537581741, -0.3477063805924754], [-0.7725172537581741, -0.021933120373532233, -0.23658453078302877], [-0.3477063805924754, -0.23658453078302877, 1.759024817828383]], "ValueCostV4": -0.7919799239045832, "nSteps": 67}, {"Convergence": true, "QuadCompare": [[-0.47258366889711567, -0.03229460488662372, -0.020636349156433198], [-0.03229460488662372, 0.22617688421938098, -0.023365615880126755], [-0.020636349156433198, -0.023365615880126755, 0.24640678467772048]], "QuadTotal": [[0.7438029697400879, -0.17270009282766763, -0.13817429990285746], [-0.17270009282766763, -0.3338698254013508, 0.46466419633570255], [-0.13817429990285746, 0.46466419633570255, -0.40993314433874417]], "QuadLocal": [[1.2163866386372035, -0.1404054879410439, -0.11753795074642426], [-0.1404054879410439, -0.5600467096207318, 0.4880298122158293], [-0.11753795074642426, 0.4880298122158293, -0.6563399290164647]], "ValueCostV4": -1.0815306884893352, "nSteps": 70}, {"Convergence": true, "QuadCompare": [[-0.48996529816709966, -0.01062581433493262, 0.045937515718748045], [-0.01062581433493262, 0.20082810285896713, -0.0017018397490714543], [0.045937515718748045, -0.0017018397490714543, 0.28913719530814674]], "QuadTotal": [[0.5794671200494577, 0.039694709147263335, -0.9919413616674113], [0.039694709147263335, 0.044406756412374904, 0.011069762978332398], [-0.9919413616674113, 0.011069762978332398, -0.623873876461829]], "QuadLocal": [[1.0694324182165573, 0.050320523482195956, -1.0378788773861594], [0.050320523482195956, -0.15642134644659222, 0.012771602727403852], [-1.0378788773861594, 0.012771602727403852, -0.9130110717699758]], "ValueCostV4": -1.1746661855541207, "nSteps": 112}, {"Convergence": true, "QuadCompare": [[-0.016293265044467375, 0.3846178635287387, 0.10573409634870456], [0.3846178635287387, -0.1620488728480609, 0.08294547184157608], [0.10573409634870456, 0.08294547184157608, 0.17834213789252829]], "QuadTotal": [[-0.20945531970401632, 0.38350064353388547, -0.14916957830741717], [0.38350064353388547, 0.16520423659915195, 0.4236430645971545], [-0.14916957830741717, 0.4236430645971545, 0.044251083104853706]], "QuadLocal": [[-0.19316205465954894, -0.001117219994853258, -0.25490367465612174], [-0.001117219994853258, 0.32725310944721286, 0.3406975927555784], [-0.25490367465612174, 0.3406975927555784, -0.13409105478767458]], "ValueCostV4": -1.2443649065710096, "nSteps": 100}, {"Convergence": true, "QuadCompare": [[-0.18767878509341074, -0.14238343404227294, 0.07250422725113026], [-0.14238343404227294, 0.06775667177615219, 0.031674433384594636], [0.07250422725113026, 0.031674433384594636, 0.11992211331725855]], "QuadTotal": [[-1.0007576588791096, 0.06090544945291754, -0.4188694739295187], [0.06090544945291754, 1.0237151545899934, 0.29726437944110273], [-0.4188694739295187, 0.29726437944110273, -0.022957495710848264]], "QuadLocal": [[-0.8130788737856989, 0.20328888349519048, -0.49137370118064894], [0.20328888349519048, 0.9559584828138412, 0.2655899460565081], [-0.49137370118064894, 0.2655899460565081, -0.1428796090281068]], "ValueCostV4": -0.3419646378427603, "nSteps": 99}, {"Convergence": true, "QuadCompare": [[0.1123290608815779, 0.0365282476353741, -0.11014001890640657], [0.0365282476353741, -0.1386495620241348, 0.007978424266342543], [-0.11014001890640657, 0.007978424266342543, 0.0263205011425498]], "QuadTotal": [[-0.026539692146045013, -0.05028997116006195, 0.385646946986526], [-0.05028997116006195, 0.22775971742835566, 0.09437378138930619], [0.385646946986526, 0.09437378138930619, -0.20122002528233907]], "QuadLocal": [[-0.13886875302762292, -0.08681821879543605, 0.4957869658929326], [-0.08681821879543605, 0.36640927945249047, 0.08639535712296365], [0.4957869658929326, 0.08639535712296365, -0.22754052642488887]], "ValueCostV4": -0.1899863986538349, "nSteps": 91}, {"Convergence": true, "QuadCompare": [[0.19430045349706404, 0.3440837382478321, 0.19883117783999005], [0.3440837382478321, -0.26539024384905474, -0.1769824732185441], [0.19883117783999005, -0.1769824732185441, 0.07108979035203333]], "QuadTotal": [[-0.22086853150381103, -0.36212429516470834, -0.5377663752607535], [-0.36212429516470834, 0.47246629366978254, 0.2722478009186089], [-0.5377663752607535, 0.2722478009186089, -0.2515977621659431]], "QuadLocal": [[-0.41516898500087507, -0.7062080334125405, -0.7365975531007436], [-0.7062080334125405, 0.7378565375188373, 0.449230274137153], [-0.7365975531007436, 0.449230274137153, -0.32268755251797643]], "ValueCostV4": -1.5677256344493922, "nSteps": 81}, {"Convergence": true, "QuadCompare": [[-0.42471578344459004, 0.021038527822398123, -0.005015388073566385], [0.021038527822398123, 0.24998766171753317, 0.022693441652945623], [-0.005015388073566385, 0.022693441652945623, 0.1747281217270853]], "QuadTotal": [[0.894189589491603, -0.28349753019260504, -0.05009376407046773], [-0.28349753019260504, -1.124995699666428, -0.22734817821954856], [-0.05009376407046773, -0.22734817821954856, 0.23080611017483932]], "QuadLocal": [[1.318905372936193, -0.30453605801500316, -0.04507837599690134], [-0.30453605801500316, -1.3749833613839613, -0.2500416198724942], [-0.04507837599690134, -0.2500416198724942, 0.056077988447754024]], "ValueCostV4": -0.8779231247694701, "nSteps": 123}, {"Convergence": true, "QuadCompare": [[0.11569743504875873, -0.008696416959992348, -0.0409435263215272], [-0.008696416959992348, -0.19492061696620766, -0.18778630106732663], [-0.0409435263215272, -0.18778630106732663, 0.07922318191739208]], "QuadTotal": [[-0.15932331602745364, -2.1573052313612067, -1.010040447391141], [-2.1573052313612067, -0.18374129128532957, -0.38763941504877053], [-1.010040447391141, -0.38763941504877053, 0.3430646073127477]], "QuadLocal": [[-0.2750207510762124, -2.1486088144012143, -0.9690969210696139], [-2.1486088144012143, 0.011179325680878094, -0.1998531139814439], [-0.9690969210696139, -0.1998531139814439, 0.2638414253953556]], "ValueCostV4": -0.41983681519091653, "nSteps": 128}, {"Convergence": true, "QuadCompare": [[-0.959678933418104, -0.6181288792462851, -0.03382248856298742], [-0.6181288792462851, 0.3426655977744133, -0.011199417154319435], [-0.03382248856298742, -0.011199417154319435, 0.6170133356436196]], "QuadTotal": [[1.467366103342016, 0.9210878509593954, 0.06293252870790256], [0.9210878509593954, -0.23965698545499947, -0.0072704686009558706], [0.06293252870790256, -0.0072704686009558706, -1.2277091178870876]], "QuadLocal": [[2.42704503676012, 1.5392167302056805, 0.09675501727088998], [1.5392167302056805, -0.5823225832294128, 0.003928948553363565], [0.09675501727088998, 0.003928948553363565, -1.8447224535307072]], "ValueCostV4": -6.968651283809284, "nSteps": 110}, {"Convergence": true, "QuadCompare": [[-0.6308888567263438, -0.34734586362121433, -0.014103032354404021], [-0.34734586362121433, 0.19815968610687662, 0.008545929794088636], [-0.014103032354404021, 0.008545929794088636, 0.43272917061946714]], "QuadTotal": [[0.5694600787100796, 0.5342576282596099, -0.0249012789228944], [0.5342576282596099, 0.3400030862959511, -0.34951589072685874], [-0.0249012789228944, -0.34951589072685874, -0.9094631650060165]], "QuadLocal": [[1.2003489354364234, 0.8816034918808242, -0.010798246568490377], [0.8816034918808242, 0.1418434001890745, -0.35806182052094737], [-0.010798246568490377, -0.35806182052094737, -1.3421923356254837]], "ValueCostV4": -2.76214364285315, "nSteps": 107}, {"Convergence": true, "QuadCompare": [[0.15771867216563606, -0.0016857829417981918, -0.03727589799321507], [-0.0016857829417981918, -0.2837752024992497, -0.0020555064729769756], [-0.03727589799321507, -0.0020555064729769756, 0.12605653033360653]], "QuadTotal": [[-0.3042655274966535, 0.0032300684016291215, -0.0022010406144374883], [0.0032300684016291215, 0.25465803611144366, -0.0003081120724221509], [-0.0022010406144374883, -0.0003081120724221509, 0.04960749138518139]], "QuadLocal": [[-0.46198419966228954, 0.004915851343427313, 0.03507485737877758], [0.004915851343427313, 0.5384332386106934, 0.0017473944005548248], [0.03507485737877758, 0.0017473944005548248, -0.07644903894842514]], "ValueCostV4": -0.39560472122272894, "nSteps": 46}, {"Convergence": true, "QuadCompare": [[-0.1685282435084119, -0.11568040529477858, 0.007697198884813017], [-0.11568040529477858, -0.1861971565558065, 0.010340477611965623], [0.007697198884813017, 0.010340477611965623, 0.35472540006421127]], "QuadTotal": [[0.8076985198472286, 0.07017928678393465, -0.05650572846938806], [0.07017928678393465, 0.9248213567922647, -0.0014077214053119808], [-0.05650572846938806, -0.0014077214053119808, -1.7325198766395147]], "QuadLocal": [[0.9762267633556405, 0.18585969207871322, -0.06420292735420108], [0.18585969207871322, 1.1110185133480712, -0.011748199017277604], [-0.06420292735420108, -0.011748199017277604, -2.087245276703726]], "ValueCostV4": -0.688627311269687, "nSteps": 83}, {"Convergence": true, "QuadCompare": [[-0.027980609062950634, -0.29606026901237925, 0.06860262835532005], [-0.29606026901237925, 0.008042843324645332, 0.1075356864263588], [0.06860262835532005, 0.1075356864263588, 0.01993776573826267]], "QuadTotal": [[-0.2148928552444005, -0.009312031075928928, -0.030171682790660626], [-0.009312031075928928, -0.005209094950394899, -0.05401622554745078], [-0.030171682790660626, -0.05401622554745078, 0.22010195019478118]], "QuadLocal": [[-0.18691224618144986, 0.2867482379364503, -0.09877431114598068], [0.2867482379364503, -0.013251938275040231, -0.16155191197380958], [-0.09877431114598068, -0.16155191197380958, 0.2001641844565185]], "ValueCostV4": -0.6666019975769014, "nSteps": 48}, {"Convergence": true, "QuadCompare": [[-0.06116174429325838, -0.22124773852879898, -0.18064965316593984], [-0.22124773852879898, 0.0919012280589655, -0.12605885970134523], [-0.18064965316593984, -0.12605885970134523, -0.03073948376570712]], "QuadTotal": [[0.383955746527306, -0.5691214682057151, 0.8698582203406069], [-0.5691214682057151, -0.13748404750785426, -0.10194652693122386], [0.8698582203406069, -0.10194652693122386, -0.24647169901947308]], "QuadLocal": [[0.4451174908205644, -0.3478737296769161, 1.0505078735065467], [-0.3478737296769161, -0.22938527556681976, 0.02411233277012137], [1.0505078735065467, 0.02411233277012137, -0.21573221525376596]], "ValueCostV4": -0.6633945186831356, "nSteps": 86}, {"Convergence": true, "QuadCompare": [[0.006358805988831762, 0.017023631330872036, 0.130824013861492], [0.017023631330872036, -0.20723625178515448, 0.08909662401036655], [0.130824013861492, 0.08909662401036655, 0.2008774457963085]], "QuadTotal": [[-0.7234509663204207, 0.9578770744202458, 0.0868047362331339], [0.9578770744202458, -0.27445390626282773, -0.3172822763844607], [0.0868047362331339, -0.3172822763844607, 0.9979048725832342]], "QuadLocal": [[-0.7298097723092525, 0.9408534430893738, -0.04401927762835811], [0.9408534430893738, -0.06721765447767325, -0.40637890039482727], [-0.04401927762835811, -0.40637890039482727, 0.7970274267869257]], "ValueCostV4": -0.4272883299478831, "nSteps": 71}, {"Convergence": true, "QuadCompare": [[-0.09064060428190857, -0.012901119609056266, 0.04759169532861364], [-0.012901119609056266, 0.02773844829097527, 0.07969519368612055], [0.04759169532861364, 0.07969519368612055, 0.06290215599094395]], "QuadTotal": [[-0.11396594795336767, 0.8922743335416055, 0.10211519307058627], [0.8922743335416055, -0.1989128755054992, 0.13440477063577205], [0.10211519307058627, 0.13440477063577205, 0.3128788234588846]], "QuadLocal": [[-0.02332534367145911, 0.9051754531506617, 0.054523497741972626], [0.9051754531506617, -0.22665132379647446, 0.054709576949651506], [0.054523497741972626, 0.054709576949651506, 0.24997666746794067]], "ValueCostV4": -0.09726107475991486, "nSteps": 101}, {"Convergence": true, "QuadCompare": [[0.09785245017567235, -0.10264478208897287, 0.2910029403446721], [-0.10264478208897287, -0.019020682926871757, 0.07214199528846699], [0.2910029403446721, 0.07214199528846699, -0.07883176724884322]], "QuadTotal": [[-1.081562276899831, -1.250304833878289, 1.2453337563147038], [-1.250304833878289, 0.29528242376658653, 0.6758666413557304], [1.2453337563147038, 0.6758666413557304, 0.7862798531332302]], "QuadLocal": [[-1.1794147270755033, -1.147660051789316, 0.9543308159700317], [-1.147660051789316, 0.3143031066934583, 0.6037246460672634], [0.9543308159700317, 0.6037246460672634, 0.8651116203820735]], "ValueCostV4": -0.6918156910561937, "nSteps": 184}, {"Convergence": true, "QuadCompare": [[0.2594882371240317, -0.005832606132522178, 0.10567400980605512], [-0.005832606132522178, -0.2973213922446689, -0.005075731503363656], [0.10567400980605512, -0.005075731503363656, 0.03783315512063723]], "QuadTotal": [[-0.019665724200876866, 0.001805433727208483, -0.6014111167131375], [0.001805433727208483, -0.7232041878690367, -0.011660970203015542], [-0.6014111167131375, -0.011660970203015542, 0.7428699120698994]], "QuadLocal": [[-0.27915396132490855, 0.007638039859730661, -0.7070851265191926], [0.007638039859730661, -0.4258827956243678, -0.006585238699651885], [-0.7070851265191926, -0.006585238699651885, 0.7050367569492622]], "ValueCostV4": -0.5726482078055122, "nSteps": 106}, {"Convergence": true, "QuadCompare": [[0.06237601752536648, 0.1407685413084181, 0.20823337947607312], [0.1407685413084181, -0.43677928014707845, -0.22066452152382965], [0.20823337947607312, -0.22066452152382965, 0.3744032626217191]], "QuadTotal": [[0.4904685936793669, 0.07752640097786667, -0.2175883944602215], [0.07752640097786667, 0.4423616299942523, 0.12639591492774827], [-0.2175883944602215, 0.12639591492774827, -0.9328302236736192]], "QuadLocal": [[0.4280925761540004, -0.06324214033055142, -0.4258217739362946], [-0.06324214033055142, 0.8791409101413308, 0.3470604364515779], [-0.4258217739362946, 0.3470604364515779, -1.3072334862953383]], "ValueCostV4": -1.780836900655086, "nSteps": 62}, {"Convergence": true, "QuadCompare": [[0.1162080189618635, 0.12526458890695125, 0.0918958992480382], [0.12526458890695125, -0.1222480192765687, 0.07923174159228452], [0.0918958992480382, 0.07923174159228452, 0.006040000314690985]], "QuadTotal": [[0.02629102628799984, -0.21736106635244923, 0.46216813694190984], [-0.21736106635244923, 0.43938507002515337, 0.2476498303515875], [0.46216813694190984, 0.2476498303515875, -0.4656760963131461]], "QuadLocal": [[-0.08991699267386366, -0.3426256552594005, 0.37027223769387163], [-0.3426256552594005, 0.5616330893017221, 0.16841808875930298], [0.37027223769387163, 0.16841808875930298, -0.4717160966278371]], "ValueCostV4": -0.2847406192542733, "nSteps": 72}, {"Convergence": true, "QuadCompare": [[-0.05030678972228486, -0.4674937391509708, 0.09372633903785044], [-0.4674937391509708, -0.2276561242191022, 0.11356286403251126], [0.09372633903785044, 0.11356286403251126, 0.27796291394135153]], "QuadTotal": [[0.12374857303970543, -1.5792822232339212, 0.2200588537246162], [-1.5792822232339212, -0.5099711475334132, 0.2789440441090125], [0.2200588537246162, 0.2789440441090125, 0.3862225744937149]], "QuadLocal": [[0.1740553627619903, -1.1117884840829504, 0.12633251468676576], [-1.1117884840829504, -0.282315023314311, 0.16538118007650127], [0.12633251468676576, 0.16538118007650127, 0.10825966055236336]], "ValueCostV4": -1.9514027346987228, "nSteps": 110}, {"Convergence": true, "QuadCompare": [[0.08853107116509307, 0.06692335434273389, 0.033161190805937935], [0.06692335434273389, 0.04371630180098407, -0.04658537855795419], [0.033161190805937935, -0.04658537855795419, -0.13224737296610556]], "QuadTotal": [[-0.8496115314445092, 0.43090074549245116, -0.36613945032820894], [0.43090074549245116, 0.023767964090552596, 0.3552281540061428], [-0.36613945032820894, 0.3552281540061428, 0.8258435673539424]], "QuadLocal": [[-0.9381426026096022, 0.3639773911497173, -0.39930064113414687], [0.3639773911497173, -0.019948337710431474, 0.401813532564097], [-0.39930064113414687, 0.401813532564097, 0.9580909403200479]], "ValueCostV4": -0.13624593209547498, "nSteps": 108}, {"Convergence": true, "QuadCompare": [[-0.5445775451697088, 0.2083450185976723, 0.17048177076071092], [0.2083450185976723, -0.0020614870807946772, -0.1332919964508239], [0.17048177076071092, -0.1332919964508239, 0.5466390322505177]], "QuadTotal": [[-1.4816193407509601, -0.5556194524609115, 0.02026180142045586], [-0.5556194524609115, 1.854349881040335, 0.4628419032614399], [0.02026180142045586, 0.4628419032614399, -0.3727305402893748]], "QuadLocal": [[-0.9370417955812513, -0.7639644710585838, -0.15021996934025506], [-0.7639644710585838, 1.8564113681211296, 0.5961338997122638], [-0.15021996934025506, 0.5961338997122638, -0.9193695725398925]], "ValueCostV4": -2.4735396720773175, "nSteps": 74}, {"Convergence": true, "QuadCompare": [[-0.5670878588530996, -0.29353057237283053, 0.0047934643902462735], [-0.29353057237283053, 0.08307607606136713, 0.001997351634130659], [0.0047934643902462735, 0.001997351634130659, 0.4840117827917325]], "QuadTotal": [[0.6044783575935497, 0.03693741320050492, 0.000343306103264298], [0.03693741320050492, 0.04357953006435622, 0.00059809989856216], [0.000343306103264298, 0.00059809989856216, -0.6480578876578633]], "QuadLocal": [[1.1715662164466494, 0.33046798557333545, -0.004450158286981976], [0.33046798557333545, -0.03949654599701091, -0.0013992517355684991], [-0.004450158286981976, -0.0013992517355684991, -1.1320696704495958]], "ValueCostV4": -2.3436935103155303, "nSteps": 56}, {"Convergence": true, "QuadCompare": [[-0.21704750365898917, -0.0968567904020432, -0.0718873706907246], [-0.0968567904020432, 0.04969865749678348, -0.018471059496760756], [-0.0718873706907246, -0.018471059496760756, 0.16734884616219858]], "QuadTotal": [[-0.01152352178030469, 0.3423639901471063, 0.3038832744033968], [0.3423639901471063, -0.09389054366417326, -0.21112699188765882], [0.3038832744033968, -0.21112699188765882, 0.10541406544448506]], "QuadLocal": [[0.20552398187868448, 0.4392207805491495, 0.3757706450941214], [0.4392207805491495, -0.14358920116095675, -0.19265593239089807], [0.3757706450941214, -0.19265593239089807, -0.06193478071771352]], "ValueCostV4": -0.34229518093527395, "nSteps": 94}, {"Convergence": true, "QuadCompare": [[0.3540596543997978, 0.11373630070819729, 0.048348427446279985], [0.11373630070819729, 0.019838692579881467, -0.35153259251079305], [0.048348427446279985, -0.35153259251079305, -0.3738983469796935]], "QuadTotal": [[0.38515030476222023, 0.5370033457769239, 0.24989993610910766], [0.5370033457769239, -1.1147252914263817, -0.7588290037180485], [0.24989993610910766, -0.7588290037180485, 0.7295749866641472]], "QuadLocal": [[0.031090650362422423, 0.4232670450687266, 0.20155150866282767], [0.4232670450687266, -1.1345639840062631, -0.40729641120725546], [0.20155150866282767, -0.40729641120725546, 1.1034733336438407]], "ValueCostV4": -1.7319467622014637, "nSteps": 160}, {"Convergence": true, "QuadCompare": [[-0.01344020724329198, -0.1110841784150125, -0.13548581785348768], [-0.1110841784150125, -0.008160389285620795, -0.11450851817847729], [-0.13548581785348768, -0.11450851817847729, 0.021600596528884353]], "QuadTotal": [[-0.22857724737238527, 0.39409855840047214, 0.20831901597161329], [0.39409855840047214, 0.20979819983459436, -0.1021998150848753], [0.20831901597161329, -0.1021998150848753, 0.018779047537790916]], "QuadLocal": [[-0.2151370401290933, 0.5051827368154846, 0.34380483382510096], [0.5051827368154846, 0.21795858912021515, 0.012308703093601991], [0.34380483382510096, 0.012308703093601991, -0.0028215489910934366]], "ValueCostV4": -0.2816085185276114, "nSteps": 163}, {"Convergence": true, "QuadCompare": [[0.09991355580213934, -0.0036338802437256845, 0.025463990151568083], [-0.0036338802437256845, -0.16187617771608842, -0.0330063588541023], [0.025463990151568083, -0.0330063588541023, 0.06196262191396329]], "QuadTotal": [[-0.708223107430122, -0.28190298998337937, -0.12439347138278478], [-0.28190298998337937, 1.5904226953051577, 0.08427533713894775], [-0.12439347138278478, 0.08427533713894775, -0.8821995878750357]], "QuadLocal": [[-0.8081366632322613, -0.2782691097396537, -0.14985746153435286], [-0.2782691097396537, 1.752298873021246, 0.11728169599305005], [-0.14985746153435286, 0.11728169599305005, -0.944162209788999]], "ValueCostV4": -0.13877294650709737, "nSteps": 125}, {"Convergence": true, "QuadCompare": [[0.18343132695188302, -0.0550869120397266, -0.07553265852619973], [-0.0550869120397266, -0.10894472049507442, -0.1324123543601914], [-0.07553265852619973, -0.1324123543601914, -0.07448660645679439]], "QuadTotal": [[0.30631132981380205, -0.8318746812094417, -0.7753511915543569], [-0.8318746812094417, -0.8078055269303235, -1.358329739713593], [-0.7753511915543569, -1.358329739713593, 0.501494197116557]], "QuadLocal": [[0.12288000286191902, -0.7767877691697151, -0.6998185330281572], [-0.7767877691697151, -0.6988608064352491, -1.2259173853534016], [-0.6998185330281572, -1.2259173853534016, 0.5759808035733514]], "ValueCostV4": -0.3303211746619161, "nSteps": 80}, {"Convergence": true, "QuadCompare": [[-0.49487357891032246, 0.10903767872974751, -0.007750819523782759], [0.10903767872974751, 0.10052337656751575, 0.0013290804041998436], [-0.007750819523782759, 0.0013290804041998436, 0.39435020234281737]], "QuadTotal": [[-0.47785193236376955, 0.3313797995755114, 0.001287517421742601], [0.3313797995755114, 1.3322815717571928, -0.000661019419253929], [0.001287517421742601, -0.000661019419253929, -0.8544296393934232]], "QuadLocal": [[0.017021646546552915, 0.22234212084576388, 0.00903833694552536], [0.22234212084576388, 1.231758195189677, -0.0019900998234537726], [0.00903833694552536, -0.0019900998234537726, -1.2487798417362406]], "ValueCostV4": -1.3849825495699466, "nSteps": 80}, {"Convergence": true, "QuadCompare": [[-0.136880129723842, -0.01239845861883171, 0.0923704760398465], [-0.01239845861883171, 0.11298533818623469, -0.014424678360971832], [0.0923704760398465, -0.014424678360971832, 0.023894791537600213]], "QuadTotal": [[-1.5461329499672445, -0.06961323537068087, 1.1881973665865715], [-0.06961323537068087, 1.0363296652049172, 0.06575393098275462], [1.1881973665865715, 0.06575393098275462, 0.5098032847623415]], "QuadLocal": [[-1.4092528202434025, -0.05721477675184916, 1.095826890546725], [-0.05721477675184916, 0.9233443270186825, 0.08017860934372645], [1.095826890546725, 0.08017860934372645, 0.4859084932247413]], "ValueCostV4": -0.15896319672284004, "nSteps": 86}, {"Convergence": true, "QuadCompare": [[-0.27478681307295005, -0.08670276505460572, -0.04330259201200942], [-0.08670276505460572, -0.22251444786878238, -0.0050385238016208145], [-0.04330259201200942, -0.0050385238016208145, 0.49730126094173244]], "QuadTotal": [[0.7181877058892638, -0.6261929170136269, 0.006442105386357033], [-0.6261929170136269, -0.2882444285507191, -0.003470794758292012], [0.006442105386357033, -0.003470794758292012, -0.42994327733853765]], "QuadLocal": [[0.9929745189622139, -0.5394901519590212, 0.049744697398366455], [-0.5394901519590212, -0.0657299806819367, 0.0015677290433288027], [0.049744697398366455, 0.0015677290433288027, -0.9272445382802701]], "ValueCostV4": -1.247082557802894, "nSteps": 84}, {"Convergence": true, "QuadCompare": [[0.07311664878999835, -0.01724453202622911, 0.10021346102877882], [-0.01724453202622911, -0.005591740058807915, -0.004683569882302674], [0.10021346102877882, -0.004683569882302674, -0.06752490873117267]], "QuadTotal": [[-0.4981323943982048, -0.5963062060258189, 0.7009851822615252], [-0.5963062060258189, 0.012688961354559325, -0.2856902486352859], [0.7009851822615252, -0.2856902486352859, 0.485443433043649]], "QuadLocal": [[-0.5712490431882031, -0.5790616739995897, 0.6007717212327464], [-0.5790616739995897, 0.01828070141336724, 