[{"BasisSet": "6-311ppg_d_p_", "LevelOfTheory": "scf", "Scheme": "ER", "Penalty": 0.0, "StartIndex": 0, "StopIndex": 50, "Cores": 8, "Memory": 24.0}, {"Convergence": true, "QuadCompare": [[0.10558836255756532, -0.02154841934688545, 0.12842050469913957], [-0.02154841934688545, -0.11611147140657785, -0.02025059463332657], [0.12842050469913957, -0.02025059463332657, 0.010523108849007201]], "QuadTotal": [[0.33295418571514546, 0.018332689901017107, -0.17226152931977268], [0.018332689901017107, 0.21155098785925475, 0.08665273527462392], [-0.17226152931977268, 0.08665273527462392, -0.5445051735744073]], "QuadLocal": [[0.22736582315758014, 0.03988110924790256, -0.30068203401891225], [0.03988110924790256, 0.3276624592658326, 0.10690332990795048], [-0.30068203401891225, 0.10690332990795048, -0.5550282824234145]], "ValueCostV4": -0.18961062812487928, "nSteps": 20}, {"Convergence": true, "QuadCompare": [[0.0015096627726087775, 0.0033198064792268056, -0.005175280124876558], [0.0033198064792268056, 0.004581651465787928, 0.005506114511916849], [-0.005175280124876558, 0.005506114511916849, -0.006091314238403811]], "QuadTotal": [[0.1894512621217217, 0.12167195967129274, -0.2179735212102889], [0.12167195967129274, 0.09863710157368288, 0.3140376363516726], [-0.2179735212102889, 0.3140376363516726, -0.28808836369540103]], "QuadLocal": [[0.18794159934911292, 0.11835215319206593, -0.21279824108541234], [0.11835215319206593, 0.09405545010789496, 0.30853152183975574], [-0.21279824108541234, 0.30853152183975574, -0.2819970494569972]], "ValueCostV4": -0.0006268448632100206, "nSteps": 24}, {"Convergence": true, "QuadCompare": [[-0.15969564788441915, 0.03978408421789936, -0.028928455435547562], [0.03978408421789936, 0.16753446807840788, -0.24397661288882233], [-0.028928455435547562, -0.24397661288882233, -0.007838820193986962]], "QuadTotal": [[-0.9986602165323042, 0.447732663533877, 0.5844443951264537], [0.447732663533877, 0.5360511017765823, 0.006445353277946708], [0.5844443951264537, 0.006445353277946708, 0.4626091147557343]], "QuadLocal": [[-0.838964568647885, 0.4079485793159776, 0.6133728505620013], [0.4079485793159776, 0.36851663369817445, 0.25042196616676904], [0.6133728505620013, 0.25042196616676904, 0.47044793494972126]], "ValueCostV4": -0.5659573437537146, "nSteps": 22}, {"Convergence": true, "QuadCompare": [[0.13239220103667293, 0.02687977899230909, 0.1976332366033411], [0.02687977899230909, -0.09975016456269259, -0.022763955546694525], [0.1976332366033411, -0.022763955546694525, -0.03264203647399455]], "QuadTotal": [[0.01170089710328881, -0.6845319240148838, 0.15359388800719742], [-0.6845319240148838, -0.3592146899761186, 0.43844819339269625], [0.15359388800719742, 0.43844819339269625, 0.34751379287281736]], "QuadLocal": [[-0.12069130393338412, -0.7114117030071929, -0.04403934859614367], [-0.7114117030071929, -0.259464525413426, 0.4612121489393908], [-0.04403934859614367, 0.4612121489393908, 0.3801558293468119]], "ValueCostV4": -0.34796013011751276, "nSteps": 25}, {"Convergence": true, "QuadCompare": [[0.13171617426559834, -0.07060725741808938, 0.09173674126900133], [-0.07060725741808938, -0.17453386798350579, 0.14042233832451778], [0.09173674126900133, 0.14042233832451778, 0.04281769371791455]], "QuadTotal": [[0.23034162042589656, 0.6328671366986995, 0.1999659825565483], [0.6328671366986995, -0.03724473204665202, -0.3185219909840651], [0.1999659825565483, -0.3185219909840651, -0.19309688837923744]], "QuadLocal": [[0.09862544616029822, 0.7034743941167889, 0.10822924128754696], [0.7034743941167889, 0.13728913593685377, -0.45894432930858287], [0.10822924128754696, -0.45894432930858287, -0.235914582097152]], "ValueCostV4": -0.36945111623584725, "nSteps": 37}, {"Convergence": true, "QuadCompare": [[-0.26102218143253, -0.18694629942450192, -0.045830734961483266], [-0.18694629942450192, 0.09926056228767521, -0.030635059259949138], [-0.045830734961483266, -0.030635059259949138, 0.16176161914484055]], "QuadTotal": [[-1.048479376573873, -1.4572353067535992, -0.22172216985968785], [-1.4572353067535992, 0.5608059684202971, -0.1541898484113835], [-0.22172216985968785, -0.1541898484113835, 0.48767340815355453]], "QuadLocal": [[-0.7874571951413429, -1.2702890073290973, -0.17589143489820458], [-1.2702890073290973, 0.46154540613262185, -0.12355478915143436], [-0.17589143489820458, -0.12355478915143436, 0.325911789008714]], "ValueCostV4": -0.5742702094436727, "nSteps": 55}, {"Convergence": true, "QuadCompare": [[-0.5745110894837921, -0.2975844157144465, 0.01510144253129958], [-0.2975844157144465, 0.16021120358992036, 0.035049804100970805], [0.01510144253129958, 0.035049804100970805, 0.414299885893918]], "QuadTotal": [[0.7564897894829699, -0.06304789681516354, 0.0010724448977856293], [-0.06304789681516354, -0.013835609329479581, -0.017274217714036533], [0.0010724448977856293, -0.017274217714036533, -0.7426541801534654]], "QuadLocal": [[1.331000878966762, 0.23453651889928295, -0.014028997633513951], [0.23453651889928295, -0.17404681291939994, -0.05232402181500734], [-0.014028997633513951, -0.05232402181500734, -1.1569540660473834]], "ValueCostV4": -2.2552837891294564, "nSteps": 26}]