[{"BasisSet": "6-311ppg_d_p_", "LevelOfTheory": "scf", "Scheme": "ER", "Penalty": 0.0, "StartIndex": 7, "StopIndex": 50, "Cores": 8, "Memory": 24.0}, {"Convergence": true, "QuadCompare": [[0.22137205448967734, -0.13071772395646875, -0.00396820389603432], [-0.13071772395646875, -0.6379395914270987, -0.012074612048389749], [-0.00396820389603432, -0.012074612048389749, 0.41656753693742843]], "QuadTotal": [[0.14527605981012215, 0.4418448210022987, 0.002205501801797502], [0.4418448210022987, 0.6848973509221921, -0.002115686654159038], [0.002205501801797502, -0.002115686654159038, -0.8301734107322929]], "QuadLocal": [[-0.07609599467955519, 0.5725625449587675, 0.006173705697831822], [0.5725625449587675, 1.3228369423492907, 0.009958925394230711], [0.006173705697831822, 0.009958925394230711, -1.2467409476697213]], "ValueCostV4": -2.1169104572002047, "nSteps": 35}, {"Convergence": true, "QuadCompare": [[0.13362016282499667, -0.04112402501204926, 0.1660200513439687], [-0.04112402501204926, -0.09231272218107378, 0.008645712655503068], [0.1660200513439687, 0.008645712655503068, -0.04130744064389802]], "QuadTotal": [[-0.21603868810234417, 0.6403110570429398, 0.17360422727124813], [0.6403110570429398, -0.38072513724755197, 0.010854642961616534], [0.17360422727124813, 0.010854642961616534, 0.596763825349921]], "QuadLocal": [[-0.34965885092734084, 0.681435082054989, 0.007584175927279446], [0.681435082054989, -0.2884124150664782, 0.0022089303061134657], [0.007584175927279446, 0.0022089303061134657, 0.638071265993819]], "ValueCostV4": -0.2765363766001494, "nSteps": 28}, {"Convergence": true, "QuadCompare": [[0.06089954204110626, -0.008523862396740078, 0.14913184056301843], [-0.008523862396740078, -0.07797825428514216, 0.017718845196805777], [0.14913184056301843, 0.017718845196805777, 0.017078712244043004]], "QuadTotal": [[0.3918786409438795, 0.039241514213672946, 0.4487274829740038], [0.039241514213672946, -0.11302382637564534, -0.7214229953923739], [0.4487274829740038, -0.7214229953923739, -0.27885481456823413]], "QuadLocal": [[0.3309790989027732, 0.047765376610413024, 0.29959564241098535], [0.047765376610413024, -0.035045572090503185, -0.7391418405891796], [0.29959564241098535, -0.7391418405891796, -0.29593352681227714]], "ValueCostV4": -0.17641458550785416, "nSteps": 30}, {"Convergence": true, "QuadCompare": [[0.36200521586229684, 0.013992188714023968, 0.02413105989243247], [0.013992188714023968, -0.2539573003223268, -0.14449215088816203], [0.02413105989243247, -0.14449215088816203, -0.10804791553996296]], "QuadTotal": [[0.33081455512997593, 0.8406129089683425, 0.3205902796869986], [0.8406129089683425, -0.36874479921920766, 0.028887691940020943], [0.3205902796869986, 0.028887691940020943, 0.03793024408925305]], "QuadLocal": [[-0.031190660732320907, 0.8266207202543185, 0.29645921979456613], [0.8266207202543185, -0.11478749889688089, 0.17337984282818297], [0.29645921979456613, 0.17337984282818297, 0.145978159629216]], "ValueCostV4": -0.798716697673274, "nSteps": 27}]