[{"BasisSet": "aug-cc-pvtz", "LevelOfTheory": "scf", "Scheme": "V4", "Penalty": 0.0, "StartIndex": 0, "StopIndex": 3, "Cores": 1, "Memory": 2.0}, {"Convergence": true, "QuadCompare": [[0.0005699424414986609, -0.00030296092915018183, 0.00048662400390714344], [-0.00030296092915018183, -0.0005853223366787397, -6.622285931371502e-05], [0.00048662400390714344, -6.622285931371502e-05, 1.5379895178302405e-05]], "QuadTotal": [[0.00012999196540608438, -2.0429950876827557e-05, -3.537693856481283e-05], [-2.0429950876827557e-05, 3.102712307390121e-05, -0.00014967849489233565], [-3.537693856481283e-05, -0.00014967849489233565, -0.00016101908848087376]], "QuadLocal": [[-0.00043995047609257654, 0.00028253097827335427, -0.0005220009424719563], [0.00028253097827335427, 0.0006163494597526409, -8.345563557862062e-05], [-0.0005220009424719563, -8.345563557862062e-05, -0.00017639898365917617]], "ValueCostV4": -4.251750562421346e-06, "nSteps": 7}, {"Convergence": true, "QuadCompare": [[-0.00033491839718635674, 0.00018830537556946414, 7.521400619630442e-05], [0.00018830537556946414, 0.0005052278019732626, 0.000680570041223771], [7.521400619630442e-05, 0.000680570041223771, -0.00017030940480111667]], "QuadTotal": [[-0.13675373778256983, 0.0005821957450561355, -0.0009544888121281805], [0.0005821957450561355, 0.06837323430117337, -3.755941071543074e-06], [-0.0009544888121281805, -3.755941071543074e-06, 0.06838050348139646]], "QuadLocal": [[-0.13641881938538347, 0.00039389036948667133, -0.001029702818324485], [0.00039389036948667133, 0.0678680064992001, -0.000684325982295314], [-0.001029702818324485, -0.000684325982295314, 0.06855081288619758]], "ValueCostV4": -4.479361884389209e-06, "nSteps": 13}, {"Convergence": true, "QuadCompare": [[-0.001568983019268444, 0.0003740671172644456, -7.303527346420585e-05], [0.0003740671172644456, -0.00010824521171670654, -0.00013832161836895696], [-7.303527346420585e-05, -0.00013832161836895696, 0.0016772282309958086]], "QuadTotal": [[0.27955564651091436, -6.100823998624874e-05, -1.1212621062741046e-15], [-6.100823998624874e-05, 0.2514140749586602, -1.280171798927887e-15], [-1.1212621062741046e-15, -1.280171798927887e-15, -0.5309697214695746]], "QuadLocal": [[0.2811246295301828, -0.00043507535725069435, 7.303527346308458e-05], [-0.00043507535725069435, 0.2515223201703769, 0.00013832161836767679], [7.303527346308458e-05, 0.00013832161836767679, -0.5326469497005704]], "ValueCostV4": -1.7902302564336953e-05, "nSteps": 16}]