[{"BasisSet": "aug-cc-pvtz", "LevelOfTheory": "scf", "Scheme": "V4", "Penalty": 0.0, "StartIndex": 0, "StopIndex": 3, "Cores": 4, "Memory": 6.0}, {"Convergence": true, "QuadCompare": [[-0.00023924291642529738, -0.00019023668726086962, -0.0002554885400041229], [-0.00019023668726086962, -0.0002955984221770791, -5.6917533322375924e-05], [-0.0002554885400041229, -5.6917533322375924e-05, 0.0005348413386023765]], "QuadTotal": [[0.3028947971199969, 0.016181364145329835, -0.14584490104459036], [0.016181364145329835, 0.20413734073853718, 0.08052941985187112], [-0.14584490104459036, 0.08052941985187112, -0.5070321378585305]], "QuadLocal": [[0.3031340400364222, 0.016371600832590705, -0.14558941250458624], [0.016371600832590705, 0.20443293916071426, 0.0805863373851935], [-0.14558941250458624, 0.0805863373851935, -0.5075669791971329]], "ValueCostV4": -2.040652067204529e-06, "nSteps": 12}, {"Convergence": true, "QuadCompare": [[-7.429684012905113e-05, -0.0006837000914705627, 0.00033711379098821936], [-0.0006837000914705627, 0.0003328943340825674, 0.00041804868931194505], [0.00033711379098821936, 0.00041804868931194505, -0.00025859749394285814]], "QuadTotal": [[0.1723371006738219, 0.11067568213751366, -0.1982875823972341], [0.11067568213751366, 0.08973153316011917, 0.28567735341746214], [-0.1982875823972341, 0.28567735341746214, -0.26206863383391976]], "QuadLocal": [[0.17241139751395096, 0.11135938222898423, -0.19862469618822232], [0.11135938222898423, 0.0893986388260366, 0.2852593047281502], [-0.19862469618822232, 0.2852593047281502, -0.2618100363399769]], "ValueCostV4": -5.403630678935854e-06, "nSteps": 13}, {"Convergence": true, "QuadCompare": [[-0.00011947479944396378, -0.0012566208483022479, 0.0005390991538405387], [-0.0012566208483022479, 0.00043894663500410047, -0.00021727748461231045], [0.0005390991538405387, -0.00021727748461231045, -0.000319471835556584]], "QuadTotal": [[-0.9483674337919759, 0.4234793114838453, 0.5511328864642895], [0.4234793114838453, 0.4981450668011824, 0.008482151519299208], [0.5511328864642895, 0.008482151519299208, 0.4502223669908041]], "QuadLocal": [[-0.9482479589925319, 0.42473593233214757, 0.550593787310449], [0.42473593233214757, 0.4977061201661783, 0.008699429003911519], [0.550593787310449, 0.008699429003911519, 0.4505418388263607]], "ValueCostV4": -1.3208015241319841e-05, "nSteps": 19}]