[{"BasisSet": "aug-cc-pvtz", "LevelOfTheory": "scf", "Scheme": "FB", "Penalty": 0.0, "StartIndex": 0, "StopIndex": 3, "Cores": 1, "Memory": 2.0}, {"Convergence": true, "QuadCompare": [[7.823558333708291e-05, -9.852008546789442e-05, -0.0001339942568618427], [-9.852008546789442e-05, 0.00011080826954534828, -0.0001892177957545792], [-0.0001339942568618427, -0.0001892177957545792, -0.0001890438528819871]], "QuadTotal": [[0.0001299919654007553, -2.042995087730287e-05, -3.537693856531937e-05], [-2.042995087730287e-05, 3.1027123075677565e-05, -0.00014967849489204476], [-3.537693856531937e-05, -0.00014967849489204476, -0.00016101908847732105]], "QuadLocal": [[5.175638206367239e-05, 7.809013459059155e-05, 9.861731829652332e-05], [7.809013459059155e-05, -7.978114646967072e-05, 3.953930086253443e-05], [9.861731829652332e-05, 3.953930086253443e-05, 2.8024764404666058e-05]], "ValueCostV4": -5.772578605935909e-07, "nSteps": 7}, {"Convergence": true, "QuadCompare": [[0.03245588457826898, -7.990971072829867e-05, 0.00021733452357365624], [-7.990971072829867e-05, -0.016293148568877314, -1.9426045080677242e-05], [0.00021733452357365624, -1.9426045080677242e-05, -0.01616273600937035]], "QuadTotal": [[-0.13675373778255562, 0.0005821957450550808, -0.0009544888121376521], [0.0005821957450550808, 0.06837323430117692, -3.7559410712973936e-06], [-0.0009544888121376521, -3.7559410712973936e-06, 0.06838050348140357]], "QuadLocal": [[-0.1692096223608246, 0.0006621054557833794, -0.0011718233357113084], [0.0006621054557833794, 0.08466638287005424, 1.5670104009379848e-05], [-0.0011718233357113084, 1.5670104009379848e-05, 0.08454323949077391]], "ValueCostV4": -0.005037855006594357, "nSteps": 21}, {"Convergence": true, "QuadCompare": [[-0.21941218957915964, -0.0001157642098642401, -0.00010725433163923354], [-0.0001157642098642401, 0.12863882927239345, -6.266232618752048e-05], [-0.00010725433163923354, -6.266232618752048e-05, 0.09077336030675909]], "QuadTotal": [[0.27955564651092857, -6.100823998321384e-05, -3.1805182683414335e-15], [-6.100823998321384e-05, 0.25141407495864243, -1.242762091464809e-15], [-3.1805182683414335e-15, -1.242762091464809e-15, -0.5309697214695959]], "QuadLocal": [[0.4989678360900882, 5.475596988102627e-05, 0.00010725433163605302], [5.475596988102627e-05, 0.12277524568624898, 6.266232618627771e-05], [0.00010725433163605302, 6.266232618627771e-05, -0.621743081776355]], "ValueCostV4": -0.23250849673337293, "nSteps": 19}]