[{"BasisSet": "6-311ppg_d_p_", "LevelOfTheory": "scf", "Scheme": "FB", "Penalty": 0.0, "StartIndex": 0, "StopIndex": 4, "Cores": 4, "Memory": 6.0}, {"Convergence": true, "QuadCompare": [[0.11245314091474867, -0.023741336636870114, 0.10645236388320356], [-0.023741336636870114, -0.13019281660449522, -0.02007058900081271], [0.10645236388320356, -0.02007058900081271, 0.017739675689746548]], "QuadTotal": [[0.33295418566275714, 0.018332689858193085, -0.17226152935537797], [0.018332689858193085, 0.21155098760636548, 0.08665273518463701], [-0.17226152935537797, 0.08665273518463701, -0.5445051732691262]], "QuadLocal": [[0.22050104474800847, 0.0420740264950632, -0.27871389323858153], [0.0420740264950632, 0.3417438042108607, 0.10672332418544972], [-0.27871389323858153, 0.10672332418544972, -0.5622448489588727]], "ValueCostV4": -0.17377756317560647, "nSteps": 37}, {"Convergence": true, "QuadCompare": [[0.013647603982537504, 0.008555255256021965, -0.015696973547751902], [0.008555255256021965, 0.006730135754775546, 0.02238922525701703], [-0.015696973547751902, 0.02238922525701703, -0.02037773973731305]], "QuadTotal": [[0.1894512620281752, 0.1216719597240794, -0.2179735213317091], [0.1216719597240794, 0.09863710162600015, 0.3140376362605384], [-0.2179735213317091, 0.3140376362605384, -0.2880883636541718]], "QuadLocal": [[0.1758036580456377, 0.11311670446805744, -0.2022765477839572], [0.11311670446805744, 0.0919069658712246, 0.29164841100352135], [-0.2022765477839572, 0.29164841100352135, -0.26771062391685874]], "ValueCostV4": -0.00729613378923383, "nSteps": 43}, {"Convergence": true, "QuadCompare": [[0.07038848738224246, -0.05418127688766816, -0.11237180806667801], [-0.05418127688766816, 0.040744520073577206, -0.16552840290812654], [-0.11237180806667801, -0.16552840290812654, -0.11113300745581967]], "QuadTotal": [[-0.9986602165667797, 0.4477326639973427, 0.5844443952549518], [0.4477326639973427, 0.5360511018705303, 0.006445353469519688], [0.5844443952549518, 0.006445353469519688, 0.4626091146962601]], "QuadLocal": [[-1.0690487039490222, 0.5019139408850108, 0.6968162033216299], [0.5019139408850108, 0.4953065817969531, 0.17197375637764623], [0.6968162033216299, 0.17197375637764623, 0.5737421221520798]], "ValueCostV4": -0.3344043686200265, "nSteps": 47}, {"Convergence": true, "QuadCompare": [[0.1305157412008704, 0.03648369510147742, 0.18569505857766444], [0.03648369510147742, -0.08216815223013008, -0.03960162813290846], [0.18569505857766444, -0.03960162813290846, -0.048347588970727884]], "QuadTotal": [[0.011700896897721691, -0.6845319240697106, 0.15359388795793194], [-0.6845319240697106, -0.359214690017593, 0.43844819351819553], [0.15359388795793194, 0.43844819351819553, 0.3475137931198802]], "QuadLocal": [[-0.1188148443031487, -0.7210156191711881, -0.0321011706197325], [-0.7210156191711881, -0.2770465377874629, 0.478049821651104], [-0.0321011706197325, 0.478049821651104, 0.39586138209060806]], "ValueCostV4": -0.3216419429168966, "nSteps": 58}]