[{"BasisSet": "6-311ppg_d_p_", "LevelOfTheory": "scf", "Scheme": "FB", "Penalty": 0.0, "StartIndex": 0, "StopIndex": 2, "Cores": 4, "Memory": 6.0}, {"Convergence": true, "QuadCompare": [[0.11228847673465125, -0.023329657394740078, 0.10674129852117353], [-0.023329657394740078, -0.13079786100285773, -0.020639153652670883], [0.10674129852117353, -0.020639153652670883, 0.018509384268211804]], "QuadTotal": [[0.33295418566272517, 0.018332689858165996, -0.17226152935550054], [0.018332689858165996, 0.21155098760629087, 0.08665273518464978], [-0.17226152935550054, 0.08665273518464978, -0.5445051732690089]], "QuadLocal": [[0.2206657089280739, 0.04166234725290607, -0.2790028278766741], [0.04166234725290607, 0.3423488486091486, 0.10729188883732066], [-0.2790028278766741, 0.10729188883732066, -0.5630145575372207]], "ValueCostV4": -0.17466876961389627, "nSteps": 32}, {"Convergence": true, "QuadCompare": [[0.013598235649531887, 0.008505674405952401, -0.0158372811689107], [0.008505674405952401, 0.0069470018291717395, 0.022508057810693316], [-0.0158372811689107, 0.022508057810693316, -0.020545237478700074]], "QuadTotal": [[0.1894512620281077, 0.12167195972413447, -0.21797352133171355], [0.12167195972413447, 0.09863710162601791, 0.31403763626060055], [-0.21797352133171355, 0.31403763626060055, -0.2880883636541256]], "QuadLocal": [[0.1758530263785758, 0.11316628531818207, -0.20213624016280285], [0.11316628531818207, 0.09169009979684617, 0.29152957844990723], [-0.20213624016280285, 0.29152957844990723, -0.2675431261754255]], "ValueCostV4": -0.007379991869362317, "nSteps": 41}]