[{"BasisSet": "6-311ppg_d_p_", "LevelOfTheory": "scf", "Scheme": "PM", "Penalty": 0.0, "StartIndex": 0, "StopIndex": 4, "Cores": 4, "Memory": 6.0}, {"Convergence": true, "QuadCompare": [[0.04064186819629967, -0.015982127508666066, 0.15434853737948906], [-0.015982127508666066, -0.11006255452903346, -0.03369770444236164], [0.15434853737948906, -0.03369770444236164, 0.0694206863327338]], "QuadTotal": [[0.33295418566279267, 0.01833268985817943, -0.17226152935538863], [0.01833268985817943, 0.2115509876063868, 0.08665273518470551], [-0.17226152935538863, 0.08665273518470551, -0.5445051732691759]], "QuadLocal": [[0.292312317466493, 0.034314817366845496, -0.3266100667348777], [0.034314817366845496, 0.32161354213542026, 0.12035043962706715], [-0.3266100667348777, 0.12035043962706715, -0.6139258596019097]], "ValueCostV4": -0.2200241472566371}, {"Convergence": true, "QuadCompare": [[0.020852273034211777, 0.013396116065214958, -0.023954622604111186], [0.013396116065214958, 0.010840417345239217, 0.03450912044499255], [-0.023954622604111186, 0.03450912044499255, -0.03169269037945277]], "QuadTotal": [[0.18945126202814322, 0.12167195972409628, -0.21797352133163006], [0.12167195972409628, 0.09863710162606054, 0.3140376362605952], [-0.21797352133163006, 0.3140376362605952, -0.28808836365418955]], "QuadLocal": [[0.16859898899393144, 0.10827584365888132, -0.19401889872751887], [0.10827584365888132, 0.08779668428082132, 0.2795285158156027], [-0.19401889872751887, 0.2795285158156027, -0.2563956732747368]], "ValueCostV4": -0.017359592172402273}, {"Convergence": true, "QuadCompare": [[-0.15033473530065677, 0.02289897526304685, -0.049670987972143976], [0.02289897526304685, 0.12180253954593212, -0.2658825802852274], [-0.049670987972143976, -0.2658825802852274, 0.028532195754724654]], "QuadTotal": [[-0.9986602165667726, 0.4477326639972219, 0.5844443952548151], [0.4477326639972219, 0.5360511018705658, 0.0064453534695427805], [0.5844443952548151, 0.0064453534695427805, 0.46260911469621036]], "QuadLocal": [[-0.8483254812661158, 0.42483368873417504, 0.634115383226959], [0.42483368873417504, 0.4142485623246337, 0.27232793375477016], [0.634115383226959, 0.27232793375477016, 0.4340769189414857]], "ValueCostV4": -0.5917822251981313}, {"Convergence": true, "QuadCompare": [[-0.060280243402278444, 0.022080411644621822, 0.10406591497888762], [0.022080411644621822, 0.1512334474627952, -0.04146238370939159], [0.10406591497888762, -0.04146238370939159, -0.09095320406052387]], "QuadTotal": [[0.011700896897529844, -0.6845319240696419, 0.15359388795802964], [-0.6845319240696419, -0.3592146900173834, 0.43844819351810616], [0.15359388795802964, 0.43844819351810616, 0.3475137931198411]], "QuadLocal": [[0.07198114029980829, -0.7066123357142637, 0.04952797297914202], [-0.7066123357142637, -0.5104481374801786, 0.47991057722749775], [0.04952797297914202, 0.47991057722749775, 0.43846699718036497]], "ValueCostV4": -0.1939991468221447}]