[{"BasisSet": "aug-cc-pvtz", "LevelOfTheory": "scf", "Scheme": "PM", "Penalty": 0.0, "StartIndex": 200, "StopIndex": 350, "Cores": 8, "Memory": 16.0}, {"Convergence": true, "QuadCompare": [[-1.0365500887206025, -0.09906465241472517, 0.3205359203987772], [-0.09906465241472517, 0.39107614089978426, -0.009935020234621561], [0.3205359203987772, -0.009935020234621561, 0.6454739478208467]], "QuadTotal": [[-1.09023504547379, -1.0056456615035358, -0.006084546244165878], [-1.0056456615035358, 0.2767230578471356, 0.02216916098050703], [-0.006084546244165878, 0.02216916098050703, 0.8135119876266685]], "QuadLocal": [[-0.05368495675318741, -0.9065810090888107, -0.3266204666429431], [-0.9065810090888107, -0.11435308305264869, 0.03210418121512859], [-0.3266204666429431, 0.03210418121512859, 0.16803803980582188]], "ValueCostV4": -5.959643188154481}, {"Convergence": true, "QuadCompare": [[0.1559915354867769, -0.029847748262696427, 0.22300574553221963], [-0.029847748262696427, 0.09874120219048166, 0.050004353736156304], [0.22300574553221963, 0.050004353736156304, -0.2547327376773012]], "QuadTotal": [[-0.7333626127017681, -0.30128294981962256, 1.391495457170734], [-0.30128294981962256, 0.9142123951344274, 0.19319848627301184], [1.391495457170734, 0.19319848627301184, -0.18084978243263095]], "QuadLocal": [[-0.889354148188545, -0.27143520155692613, 1.1684897116385144], [-0.27143520155692613, 0.8154711929439458, 0.14319413253685553], [1.1684897116385144, 0.14319413253685553, 0.07388295524467026]], "ValueCostV4": -0.6542599734318295}, {"Convergence": true, "QuadCompare": [[-1.7080082092646336, 0.10828851836539855, -0.1334711052279154], [0.10828851836539855, 0.8953779126890353, -0.04195734796916639], [-0.1334711052279154, -0.04195734796916639, 0.8126302965756196]], "QuadTotal": [[-1.038268901372149, -1.9668752950596229, -0.19821170291183954], [-1.9668752950596229, -0.07736549025522521, -0.014324168244968405], [-0.19821170291183954, -0.014324168244968405, 1.115634391627367]], "QuadLocal": [[0.6697393078924847, -2.0751638134250214, -0.06474059768392415], [-2.0751638134250214, -0.9727434029442605, 0.027633179724197987], [-0.06474059768392415, 0.027633179724197987, 0.3030040950517474]], "ValueCostV4": -14.161542352227068}, {"Convergence": true, "QuadCompare": [[-0.30795568794671624, -0.4930492580588606, 0.08273941313431976], [-0.4930492580588606, 0.14983577576012408, 0.2170586919226487], [0.08273941313431976, 0.2170586919226487, 0.1581199121866348]], "QuadTotal": [[-0.0742002516644078, -2.54420090283962, -0.6223798428795035], [-2.54420090283962, -1.3260494602243398, -0.634635653605784], [-0.6223798428795035, -0.634635653605784, 1.4002497118887618]], "QuadLocal": [[0.23375543628230844, -2.0511516447807594, -0.7051192560138233], [-2.0511516447807594, -1.4758852359844639, -0.8516943455284327], [-0.7051192560138233, -0.8516943455284327, 1.242129799702127]], "ValueCostV4": -2.347752246791531}, {"Convergence": true, "QuadCompare": [[-0.07474959140961346, 0.2758582518864898, 0.027106349434795618], [0.2758582518864898, 0.1963818061415168, 0.007383270273453091], [0.027106349434795618, 0.007383270273453091, -0.12163221473180386]], "QuadTotal": [[1.54894409535207, -1.618747153644236, -0.1817022210209256], [-1.618747153644236, -2.6218045525814233, -0.19481487031154177], [-0.1817022210209256, -0.19481487031154177, 1.0728604572294103]], "QuadLocal": [[1.6236936867616834, -1.8946054055307258, -0.2088085704557212], [-1.8946054055307258, -2.81818635872294, -0.20219814058499486], [-0.2088085704557212, -0.20219814058499486, 1.1944926719612141]], "ValueCostV4": -0.6781838978445978}, {"Convergence": true, "QuadCompare": [[0.004031364088945111, -0.24948993032679567, -0.14663063968974654], [-0.24948993032679567, -0.3889262359414829, 0.3621772957197873], [-0.14663063968974654, 0.3621772957197873, 0.3848948718525591]], "QuadTotal": [[1.3453331578871968, 0.48890343122968716, 0.12284447494610085], [0.48890343122968716, -0.8090762458013501, -0.04254263895728805], [0.12284447494610085, -0.04254263895728805, -0.5362569120858254]], "QuadLocal": [[1.3413017937982517, 0.7383933615564828, 0.2694751146358474], [0.7383933615564828, -0.42015000985986717, -0.40471993467707534], [0.2694751146358474, -0.40471993467707534, -0.9211517839383845]], "ValueCostV4": -2.32497363364075}, {"Convergence": true, "QuadCompare": [[-0.26428919458378175, 0.50944807002994, 0.6932195263651053], [0.50944807002994, -0.0482377674253911, -0.22563361807054605], [0.6932195263651053, -0.22563361807054605, 0.3125269620091302]], "QuadTotal": [[-0.34578235237094646, 0.15148843177344418, -0.1581544033240263], [0.15148843177344418, 0.14329029046101027, -0.17509020611610993], [-0.1581544033240263, -0.17509020611610993, 0.20249206190993618]], "QuadLocal": [[-0.0814931577871647, -0.3579596382564958, -0.8513739296891316], [-0.3579596382564958, 0.19152805788640137, 0.050543411954436124], [-0.8513739296891316, 0.050543411954436124, -0.11003490009919403]], "ValueCostV4": -5.585122201816812}, {"Convergence": true, "QuadCompare": [[0.05888857843756057, -0.2375849573690907, -0.08844784891976953], [-0.2375849573690907, -0.20554729855430764, -0.039362358442637024], [-0.08844784891976953, -0.039362358442637024, 0.1466587201166618]], "QuadTotal": [[-0.5708010115154281, 0.8614348841789763, -0.1826527369615345], [0.8614348841789763, 0.8749576213746337, 0.1449656056553854], [-0.1826527369615345, 0.1449656056553854, -0.3041566098592767]], "QuadLocal": [[-0.6296895899529886, 1.099019841548067, -0.09420488804176497], [1.099019841548067, 1.0805049199289414, 0.18432796409802243], [-0.09420488804176497, 0.18432796409802243, -0.45081532997593854]], "ValueCostV4": -0.6340047609510415}, {"Convergence": true, "QuadCompare": [[0.5064089204748541, -0.7434942928418451, 0.112952755873728], [-0.7434942928418451, -1.2515473387321379, -0.05480051596182989], [0.112952755873728, -0.05480051596182989, 0.7451384182572696]], "QuadTotal": [[0.16410481324019344, -0.026783096775041315, -1.1330375660353198], [-0.026783096775041315, 0.6004315985359625, -0.7718962816190569], [-1.1330375660353198, -0.7718962816190569, -0.7645364117761488]], "QuadLocal": [[-0.34230410723466065, 0.7167111960668038, -1.2459903219090478], [0.7167111960668038, 1.8519789372681004, -0.717095765657227], [-1.2459903219090478, -0.717095765657227, -1.5096748300334184]], "ValueCostV4": -11.20671699195233}, {"Convergence": true, "QuadCompare": [[-0.6430675441566649, -0.06972978124054663, 0.6195801972099524], [-0.06972978124054663, -0.13801701355181706, -0.14474736023419332], [0.6195801972099524, -0.14474736023419332, 0.7810845577084891]], "QuadTotal": [[0.1285910004284858, 0.22967712669541385, -0.14491469115374045], [0.22967712669541385, 0.2026645627173025, -0.6318663124077055], [-0.14491469115374045, -0.6318663124077055, -0.3312555631458167]], "QuadLocal": [[0.7716585445851507, 0.2994069079359605, -0.7644948883636928], [0.2994069079359605, 0.34068157626911955, -0.4871189521735122], [-0.7644948883636928, -0.4871189521735122, -1.1123401208543058]], "ValueCostV4": -5.936497862773187}, {"Convergence": true, "QuadCompare": [[-1.5363847471373617, -0.14908882810460877, 0.010806157911837033], [-0.14908882810460877, 0.8456387201775897, 0.003799675640948408], [0.010806157911837033, 0.003799675640948408, 0.690746026959772]], "QuadTotal": [[1.298218048245431, 0.8788312657373707, 0.23445266472399773], [0.8788312657373707, -1.2749916518906588, -0.34135665731961495], [0.23445266472399773, -0.34135665731961495, -0.023226396354758094]], "QuadLocal": [[2.834602795382793, 1.0279200938419795, 0.2236465068121607], [1.0279200938419795, -2.1206303720682484, -0.34515633296056336], [0.2236465068121607, -0.34515633296056336, -0.7139724233145301]], "ValueCostV4": -11.469061573568629}, {"Convergence": true, "QuadCompare": [[0.5509172950458918, 0.13343010364771857, -0.030989853887767538], [0.13343010364771857, -0.6013153713403767, 0.20263311011397533], [-0.030989853887767538, 0.20263311011397533, 0.05039807629444226]], "QuadTotal": [[-0.34835240281428526, 1.417333028626338, -0.40428315249212154], [1.417333028626338, 0.23671776281004497, -0.020504312683943482], [-0.40428315249212154, -0.020504312683943482, 0.11163464000425449]], "QuadLocal": [[-0.8992696978601771, 1.2839029249786194, -0.373293298604354], [1.2839029249786194, 0.8380331341504217, -0.22313742279791882], [-0.373293298604354, -0.22313742279791882, 0.06123656370981223]], "ValueCostV4": -2.5099424325363855}, {"Convergence": true, "QuadCompare": [[0.08785168728618942, -0.11811744020106119, -0.1544959236941459], [-0.11811744020106119, -0.10296437551112803, -0.011144811680275701], [-0.1544959236941459, -0.011144811680275701, 0.015112688224931503]], "QuadTotal": [[-1.318601171080772, 0.6765583782268187, -0.3905148667028797], [0.6765583782268187, 1.0266256614398657, 0.2890407020239545], [-0.3905148667028797, 0.2890407020239545, 0.29197550964093466]], "QuadLocal": [[-1.4064528583669613, 0.7946758184278799, -0.23601894300873383], [0.7946758184278799, 1.1295900369509937, 0.3001855137042302], [-0.23601894300873383, 0.3001855137042302, 0.27686282141600316]], "ValueCostV4": -0.3010797031806482}, {"Convergence": true, "QuadCompare": [[0.09339316093564776, -0.9659097899989177, 0.39660759840504056], [-0.9659097899989177, -0.3388710433490303, 0.25049405291748883], [0.39660759840504056, 0.25049405291748883, 0.24547788241336832]], "QuadTotal": [[-0.206423719031946, 0.3040396538144279, -0.16259186201375542], [0.3040396538144279, 0.06853051298874391, -0.6977705957481675], [-0.16259186201375542, -0.6977705957481675, 0.1378932060432021]], "QuadLocal": [[-0.29981687996759376, 1.2699494438133456, -0.559199460418796], [1.2699494438133456, 0.4074015563377742, -0.9482646486656563], [-0.559199460418796, -0.9482646486656563, -0.10758467637016622]], "ValueCostV4": -7.938014389509726}, {"Convergence": true, "QuadCompare": [[-0.43577022476986826, -0.13879202699452975, -0.4107617259402545], [-0.13879202699452975, 0.16178220082397843, 0.13136257359378334], [-0.4107617259402545, 0.13136257359378334, 0.27398802394593247]], "QuadTotal": [[-0.2564851669083623, -0.4047644480844994, -0.10380342422461553], [-0.4047644480844994, 0.028008914233751625, -0.008918668986030553], [-0.10380342422461553, -0.008918668986030553, 0.2284762526746178]], "QuadLocal": [[0.17928505786150595, -0.26597242108996966, 0.306958301715639], [-0.26597242108996966, -0.1337732865902268, -0.1402812425798139], [0.306958301715639, -0.1402812425798139, -0.04551177127131467]], "ValueCostV4": -2.2368775634791787}, {"Convergence": true, "QuadCompare": [[0.07325376473380629, -0.4547443991919451, -0.26665481634166355], [-0.4547443991919451, 0.16269410330082223, -0.23485247439421286], [-0.26665481634166355, -0.23485247439421286, -0.23594786803462853]], "QuadTotal": [[-0.22514637747754307, 0.5534749413731745, -0.06456995180725045], [0.5534749413731745, -0.5430772650598925, 0.29657803206186983], [-0.06456995180725045, 0.29657803206186983, 0.7682236425374498]], "QuadLocal": [[-0.29840014221134936, 1.0082193405651196, 0.2020848645344131], [1.0082193405651196, -0.7057713683607147, 0.5314305064560827], [0.2020848645344131, 0.5314305064560827, 1.0041715105720783]], "ValueCostV4": -2.402612513468059}, {"Convergence": true, "QuadCompare": [[0.28447759845764153, -0.028811445642951128, -0.06924007058253068], [-0.028811445642951128, -0.5930136424930197, 0.47025758746768886], [-0.06924007058253068, 0.47025758746768886, 0.30853604403537815]], "QuadTotal": [[-0.09424114491348234, 0.5275689438678342, -0.12276988293591273], [0.5275689438678342, -0.4365251856900869, 0.04100692418208496], [-0.12276988293591273, 0.04100692418208496, 0.5307663306035835]], "QuadLocal": [[-0.3787187433711239, 0.5563803895107853, -0.053529812353382056], [0.5563803895107853, 0.15648845680293277, -0.4292506632856039], [-0.053529812353382056, -0.4292506632856039, 0.22223028656820532]], "ValueCostV4": -3.1285723294007304}, {"Convergence": true, "QuadCompare": [[0.1473399455092732, -0.015292259754218662, -0.06604102045885796], [-0.015292259754218662, -0.6774210387199133, 0.31220413320166074], [-0.06604102045885796, 0.31220413320166074, 0.5300810932106472]], "QuadTotal": [[0.7820538055453596, 0.658525258880303, -0.2971267061545717], [0.658525258880303, 0.9703341940057868, 0.11857058453582425], [-0.2971267061545717, 0.11857058453582425, -1.7523879995511464]], "QuadLocal": [[0.6347138600360864, 0.6738175186345217, -0.23108568569571375], [0.6738175186345217, 1.6477552327257001, -0.19363354866583649], [-0.23108568569571375, -0.19363354866583649, -2.2824690927617937]], "ValueCostV4": -3.078861550362913}, {"Convergence": true, "QuadCompare": [[0.027625298430976386, 0.08176298758526457, 0.15960717527292978], [0.08176298758526457, -0.15386074644250414, 0.018990563245516512], [0.15960717527292978, 0.018990563245516512, 0.12623544801152065]], "QuadTotal": [[-0.3141259066189548, 0.06759251991962856, -0.5972684591581103], [0.06759251991962856, 0.06031069515169918, -0.8241585647378962], [-0.5972684591581103, -0.8241585647378962, 0.2538152114672698]], "QuadLocal": [[-0.3417512050499312, -0.01417046766563601, -0.7568756344310401], [-0.01417046766563601, 0.21417144159420332, -0.8431491279834127], [-0.7568756344310401, -0.8431491279834127, 0.12757976345574917]], "ValueCostV4": -0.33606748014884935}, {"Convergence": true, "QuadCompare": [[0.14319640180281112, 0.0622835925272085, 0.17462458191873775], [0.0622835925272085, -0.21135437278925906, 0.0772177814847268], [0.17462458191873775, 0.0772177814847268, 0.06815797098643372]], "QuadTotal": [[-0.31634466572251085, -0.013401487290948921, -0.6067777889115016], [-0.013401487290948921, -0.09686966888534698, -0.5994027760223872], [-0.6067777889115016, -0.5994027760223872, 0.4132143346078436]], "QuadLocal": [[-0.459541067525322, -0.07568507981815742, -0.7814023708302393], [-0.07568507981815742, 0.11448470390391208, -0.676620557507114], [-0.7814023708302393, -0.676620557507114, 0.3450563636214099]], "ValueCostV4": -0.4797891949964273}, {"Convergence": true, "QuadCompare": [[0.344024327969251, -0.06229205837179563, 0.1547568912585291], [-0.06229205837179563, -0.12788398305124815, -0.11075205112733899], [0.1547568912585291, -0.11075205112733899, -0.2161403449179602]], "QuadTotal": [[0.02840362318663381, 0.1776441253669745, -0.9100959838449612], [0.1776441253669745, -0.4922658887200697, -0.45250344733788017], [-0.9100959838449612, -0.45250344733788017, 0.4638622655334572]], "QuadLocal": [[-0.31562070478261717, 0.23993618373877013, -1.0648528751034902], [0.23993618373877013, -0.36438190566882156, -0.3417513962105412], [-1.0648528751034902, -0.3417513962105412, 0.6800026104514174]], "ValueCostV4": -0.8340639126006042}, {"Convergence": true, "QuadCompare": [[-0.24255175449640376, -0.10432481925865034, -0.09222796447665793], [-0.10432481925865034, -0.13699980394368083, 0.17516980956688855], [-0.09222796447665793, 0.17516980956688855, 0.37955155844015565]], "QuadTotal": [[0.49950475712211073, 0.18185914746995024, 0.608835081028154], [0.18185914746995024, 0.18679519745404605, -0.39884757289871686], [0.608835081028154, -0.39884757289871686, -0.6862999545761284]], "QuadLocal": [[0.7420565116185145, 0.2861839667286006, 0.7010630455048119], [0.2861839667286006, 0.3237950013977269, -0.5740173824656054], [0.7010630455048119, -0.5740173824656054, -1.065851513016284]], "ValueCostV4": -1.0259642815469754}, {"Convergence": true, "QuadCompare": [[-0.16342482403774738, 0.034941174615070736, 0.1556415814788359], [0.034941174615070736, -0.017948810703387608, 0.1116340559970721], [0.1556415814788359, 0.1116340559970721, 0.18137363474109947]], "QuadTotal": [[-0.05545685340872808, -0.3420875167320645, -0.3931105646677473], [-0.3420875167320645, 0.2587281783443842, -0.20822416421356427], [-0.3931105646677473, -0.20822416421356427, -0.20327132493565614]], "QuadLocal": [[0.1079679706290193, -0.37702869134713524, -0.5487521461465832], [-0.37702869134713524, 0.2766769890477718, -0.31985822021063637], [-0.5487521461465832, -0.31985822021063637, -0.3846449596767556]], "ValueCostV4": -0.43275919118811446}, {"Convergence": true, "QuadCompare": [[-0.1438648921555341, 0.1344029612815021, 0.27808314620036256], [0.1344029612815021, 0.1055780173804095, 0.21176969667409473], [0.27808314620036256, 0.21176969667409473, 0.03828687477511039]], "QuadTotal": [[-0.45941246550044923, -1.5172858352830865, -0.5729651200399069], [-1.5172858352830865, 0.3779912767402607, -0.43327935406582796], [-0.5729651200399069, -0.43327935406582796, 0.08142118876018856]], "QuadLocal": [[-0.3155475733449151, -1.6516887965645886, -0.8510482662402694], [-1.6516887965645886, 0.27241325935985117, -0.6450490507399227], [-0.8510482662402694, -0.6450490507399227, 0.043134313985078165]], "ValueCostV4": -1.000406230710322}, {"Convergence": true, "QuadCompare": [[-0.07787938429054009, -1.033358309058471, -0.2528529442210856], [-1.033358309058471, 0.4955394663614072, 0.03389022954112875], [-0.2528529442210856, 0.03389022954112875, -0.4176600820708387]], "QuadTotal": [[-0.07642281423248676, 0.817117338166554, -0.30550668782093426], [0.817117338166554, -0.06895100920576169, 0.45590846349794845], [-0.30550668782093426, 0.45590846349794845, 0.14537382343826977]], "QuadLocal": [[0.0014565700580533303, 1.850475647225025, -0.052653743599848646], [1.850475647225025, -0.5644904755671689, 0.4220182339568197], [-0.052653743599848646, 0.4220182339568197, 0.5630339055091085]], "ValueCostV4": -8.582083428856343}, {"Convergence": true, "QuadCompare": [[-0.984311062294708, -0.16596029853323557, 0.7155384463458176], [-0.16596029853323557, 0.7016327873309507, 0.08180090585986477], [0.7155384463458176, 0.08180090585986477, 0.2826782749637857]], "QuadTotal": [[0.6168357507564082, 0.032015676140645155, -0.5397077683691407], [0.032015676140645155, -0.18617703090137638, -0.0015646989823778767], [-0.5397077683691407, -0.0015646989823778767, -0.4306587198550176]], "QuadLocal": [[1.6011468130511162, 0.19797597467388073, -1.2552462147149583], [0.19797597467388073, -0.8878098182323271, -0.08336560484224265], [-1.2552462147149583, -0.08336560484224265, -0.7133369948188033]], "ValueCostV4": -8.396002660507085}, {"Convergence": true, "QuadCompare": [[-0.6777102768096341, -0.8462845554738294, 0.03476339618675217], [-0.8462845554738294, 0.286719873593583, 0.01253319135360087], [0.03476339618675217, 0.01253319135360087, 0.39099040321603695]], "QuadTotal": [[1.8230536208982784, 0.7839880854203329, -0.034532662091733446], [0.7839880854203329, -1.2906531443548062, 0.06474071787907221], [-0.034532662091733446, 0.06474071787907221, -0.5324004765434722]], "QuadLocal": [[2.5007638977079125, 1.6302726408941624, -0.06929605827848562], [1.6302726408941624, -1.5773730179483891, 0.05220752652547134], [-0.06929605827848562, 0.05220752652547134, -0.9233908797595092]], "ValueCostV4": -6.7891120472830995}, {"Convergence": true, "QuadCompare": [[2.032200623365938, -7.332737885625207, 0.0068777557063476324], [-7.332737885625207, -8.240497486009275, 0.018965253305999408], [0.0068777557063476324, 0.018965253305999408, 6.208296862643365]], "QuadTotal": [[0.7391414317822154, 2.340477339630681, -0.0005325793737284146], [2.340477339630681, -0.30819891078735395, 0.009605280625829105], [-0.0005325793737284146, 0.009605280625829105, -0.430942520994833]], "QuadLocal": [[-1.2930591915837226, 9.673215225255888, -0.007410335080076047], [9.673215225255888, 7.932298575221921, -0.009359972680170303], [-0.007410335080076047, -0.009359972680170303, -6.639239383638198]], "ValueCostV4": -695.3860602120855}, {"Convergence": true, "QuadCompare": [[-2.23930439868208, -1.489325225750271, 0.02284385575401693], [-1.489325225750271, -0.03286589367598225, -0.18026437172227716], [0.02284385575401693, -0.18026437172227716, 2.272170292358055]], "QuadTotal": [[0.6631525900742474, 0.1289020818774489, -0.053900799353176154], [0.1289020818774489, 0.13104671764769193, -0.043162710383755964], [-0.053900799353176154, -0.043162710383755964, -0.7941993077219394]], "QuadLocal": [[2.9024569887563274, 1.6182273076277198, -0.07674465510719308], [1.6182273076277198, 0.16391261132367418, 0.1371016613385212], [-0.07674465510719308, 0.1371016613385212, -3.0663696000799945]], "ValueCostV4": -46.803398200719414}, {"Convergence": true, "QuadCompare": [[0.05179084713532234, -0.023085354408401315, -0.18545430076425173], [-0.023085354408401315, 0.23820699856947414, -0.21947595693731614], [-0.18545430076425173, -0.21947595693731614, -0.2899978457048178]], "QuadTotal": [[-0.057447148813366766, -0.03858827582383739, -0.19086831335733878], [-0.03858827582383739, 0.07525122807270179, -0.23805615001086267], [-0.19086831335733878, -0.23805615001086267, -0.017804079259335026]], "QuadLocal": [[-0.1092379959486891, -0.015502921415436077, -0.0054140125930870475], [-0.015502921415436077, -0.16295577049677235, -0.018580193073546525], [-0.0054140125930870475, -0.018580193073546525, 0.27219376644548277]], "ValueCostV4": -0.9874119625902137}, {"Convergence": true, "QuadCompare": [[-0.09477673827200306, -1.0595153764622722, 0.0013025939666464759], [-1.0595153764622722, -0.9753716455329027, 0.00622237142777908], [0.0013025939666464759, 0.00622237142777908, 1.070148383804849]], "QuadTotal": [[2.3705561466734224, 1.2880386595564914, -0.00045644180324264094], [1.2880386595564914, -3.2066848889440536, 0.009387434593480112], [-0.00045644180324264094, 0.009387434593480112, 0.8361287422705743]], "QuadLocal": [[2.4653328849454255, 2.3475540360187637, -0.0017590357698891168], [2.3475540360187637, -2.231313243411151, 0.003165063165701032], [-0.0017590357698891168, 0.003165063165701032, -0.23401964153427457]], "ValueCostV4": -13.87082405779824}, {"Convergence": true, "QuadCompare": [[-0.08033408202788905, -0.09901193751538884, -0.15051251272106825], [-0.09901193751538884, 0.14685445187483026, -0.1639908809817392], [-0.15051251272106825, -0.1639908809817392, -0.06652036984687015]], "QuadTotal": [[-1.1240263037513927, 0.3555968678074848, 1.0249241949510335], [0.3555968678074848, 0.28513414955121164, 0.18593709916422085], [1.0249241949510335, 0.18593709916422085, 0.8388921542002237]], "QuadLocal": [[-1.0436922217235036, 0.4546088053228736, 1.1754367076721017], [0.4546088053228736, 0.13827969767638137, 0.34992798014596005], [1.1754367076721017, 0.34992798014596005, 0.9054125240470938]], "ValueCostV4": -0.4818710126557933}, {"Convergence": true, "QuadCompare": [[0.4754337318882236, -0.6424937008381164, 0.023450492022845548], [-0.6424937008381164, -0.807863686720367, -0.04603002634590325], [0.023450492022845548, -0.04603002634590325, 0.3324299548321221]], "QuadTotal": [[-0.256208368926238, 2.067238904052971, 0.16841049816733955], [2.067238904052971, 0.3583036610695842, -0.26604074954728496], [0.16841049816733955, -0.26604074954728496, -0.10209529214333202]], "QuadLocal": [[-0.7316421008144616, 2.7097326048910872, 0.144960006144494], [2.7097326048910872, 1.1661673477899512, -0.2200107232013817], [0.144960006144494, -0.2200107232013817, -0.43452524697545414]], "ValueCostV4": -5.802785821931937}, {"Convergence": true, "QuadCompare": [[-0.01243648486189386, -0.1104510830430101, -0.01806913002569388], [-0.1104510830430101, 0.034270194139935484, 0.11567166786831962], [-0.01806913002569388, 0.11567166786831962, -0.021833709278013202]], "QuadTotal": [[-1.7870247688422296, -0.7417672555231363, 0.31687037362867443], [-0.7417672555231363, 0.8834912520340197, 0.41872042268606435], [0.31687037362867443, 0.41872042268606435, 0.9035335168081957]], "QuadLocal": [[-1.7745882839803357, -0.6313161724801262, 0.3349395036543683], [-0.6313161724801262, 0.8492210578940842, 0.30304875481774474], [0.3349395036543683, 0.30304875481774474, 0.9253672260862089]], "ValueCostV4": -0.17093955032437663}, {"Convergence": true, "QuadCompare": [[-0.17526726650087454, -0.3198250990219087, -0.2806331649224827], [-0.3198250990219087, 0.25467250269593933, -0.06632268995507218], [-0.2806331649224827, -0.06632268995507218, -0.0794052361950719]], "QuadTotal": [[0.1368647213092018, 0.06311724713227207, -0.03633934778400949], [0.06311724713227207, -0.457937067977241, -0.9752489318718531], [-0.03633934778400949, -0.9752489318718531, 0.3210723466680463]], "QuadLocal": [[0.31213198781007634, 0.38294234615418077, 0.2442938171384732], [0.38294234615418077, -0.7126095706731803, -0.908926241916781], [0.2442938171384732, -0.908926241916781, 0.4004775828631182]], "ValueCostV4": -1.5072357647869283}, {"Convergence": true, "QuadCompare": [[-0.14494002049632826, -0.02261958549212295, 0.019387466509485307], [-0.02261958549212295, -0.09044087191263372, -0.11896391892781821], [0.019387466509485307, -0.11896391892781821, 0.23538089240895488]], "QuadTotal": [[0.3017476747029022, 0.11762121101736156, 0.14946262035828095], [0.11762121101736156, -0.19603768539056432, 0.5423716697515815], [0.14946262035828095, 0.5423716697515815, -0.10570998931234499]], "QuadLocal": [[0.44668769519923046, 0.1402407965094845, 0.13007515384879564], [0.1402407965094845, -0.1055968134779306, 0.6613355886793997], [0.13007515384879564, 0.6613355886793997, -0.34109088172129987]], "ValueCostV4": -0.36558621687583737}, {"Convergence": true, "QuadCompare": [[-0.27192742073088993, -0.06778221808223606, 0.44270953402383384], [-0.06778221808223606, 0.1766453360907576, 0.417662813116749], [0.44270953402383384, 0.417662813116749, 0.09528208464011811]], "QuadTotal": [[0.7263443309565076, -0.15218349848010604, 0.09498944967526057], [-0.15218349848010604, -0.29283486438497164, -0.12378684672037377], [0.09498944967526057, -0.12378684672037377, -0.4335094665715644]], "QuadLocal": [[0.9982717516873976, -0.08440128039786998, -0.34772008434857327], [-0.08440128039786998, -0.46948020047572925, -0.5414496598371228], [-0.34772008434857327, -0.5414496598371228, -0.5287915512116825]], "ValueCostV4": -2.7554448927196766}, {"Convergence": true, "QuadCompare": [[0.21434096305267047, -0.35147029400103236, -0.12555997606086144], [-0.35147029400103236, 0.06264650408533612, -0.34393770105316435], [-0.12555997606086144, -0.34393770105316435, -0.2769874671380137]], "QuadTotal": [[-1.4240806528658254, -1.6076251919347015, -0.1493211384192321], [-1.6076251919347015, 1.1216342902234828, 0.10370963872388472], [-0.1493211384192321, 0.10370963872388472, 0.30244636264231417]], "QuadLocal": [[-1.6384216159184959, -1.2561548979336692, -0.02376116235837067], [-1.2561548979336692, 1.0589877861381467, 0.44764733977704907], [-0.02376116235837067, 0.44764733977704907, 0.5794338297803279]], "ValueCostV4": -2.0460383205904624}, {"Convergence": true, "QuadCompare": [[-0.18387431280541477, 0.23562228370376204, 0.167740111009671], [0.23562228370376204, -0.12671957970196956, -0.17007881926587842], [0.167740111009671, -0.17007881926587842, 0.31059389250741276]], "QuadTotal": [[0.8395731855434718, -0.519060215930871, -0.0021510508352093893], [-0.519060215930871, -0.8335516274769361, -0.2936164330138382], [-0.0021510508352093893, -0.2936164330138382, -0.006021558066535704]], "QuadLocal": [[1.0234474983488866, -0.7546824996346331, -0.1698911618448804], [-0.7546824996346331, -0.7068320477749666, -0.1235376137479598], [-0.1698911618448804, -0.1235376137479598, -0.31661545057394846]], "ValueCostV4": -1.1843856473288812}, {"Convergence": true, "QuadCompare": [[0.09812883605428624, -0.48069441606347674, 0.0358421242392053], [-0.48069441606347674, -0.4758761778471694, 0.1543355956166117], [0.0358421242392053, 0.1543355956166117, 0.3777473417929116]], "QuadTotal": [[0.27433911194572147, -0.6457307764855482, 0.10467603847301454], [-0.6457307764855482, -0.3225512292790995, -0.21731311216302984], [0.10467603847301454, -0.21731311216302984, 0.048212117333378046]], "QuadLocal": [[0.17621027589143523, -0.16503636042207148, 0.06883391423380925], [-0.16503636042207148, 0.15332494856806989, -0.37164870777964154], [0.06883391423380925, -0.37164870777964154, -0.32953522445953354]], "ValueCostV4": -2.8410123655926864}, {"Convergence": true, "QuadCompare": [[-1.7189417525620456, 0.3257869114204137, -0.08496661478282341], [0.3257869114204137, 0.398971402156576, -0.0977196472830073], [-0.08496661478282341, -0.0977196472830073, 1.3199703504054625]], "QuadTotal": [[0.3043194234283817, -0.4538441202829482, 0.2127858564244267], [-0.4538441202829482, -0.15873664859589098, 0.5279198097551898], [0.2127858564244267, 0.5279198097551898, -0.1455827748324836]], "QuadLocal": [[2.0232611759904273, -0.7796310317033619, 0.2977524712072501], [-0.7796310317033619, -0.557708050752467, 0.6256394570381971], [0.2977524712072501, 0.6256394570381971, -1.4655531252379461]], "ValueCostV4": -16.26604803085633}, {"Convergence": true, "QuadCompare": [[0.13863773325189754, 0.1585833321302914, 0.2235872809789612], [0.1585833321302914, 0.2031805984711781, -0.08493162512400687], [0.2235872809789612, -0.08493162512400687, -0.3418183317230614]], "QuadTotal": [[0.018166408367434883, 0.09652970594635146, 0.2649652143027481], [0.09652970594635146, 0.43415720934299884, -0.04224584423886313], [0.2649652143027481, -0.04224584423886313, -0.45232361771044793]], "QuadLocal": [[-0.12047132488446266, -0.06205362618393995, 0.04137793332378692], [-0.06205362618393995, 0.23097661087182075, 0.04268578088514374], [0.04137793332378692, 0.04268578088514374, -0.11050528598738651]], "ValueCostV4": -1.0904959729239274}, {"Convergence": true, "QuadCompare": [[0.08816393566630154, -0.11216359884126348, 0.1260435541061966], [-0.11216359884126348, -0.044038643484043405, -0.05498125077782845], [0.1260435541061966, -0.05498125077782845, -0.04412529218227945]], "QuadTotal": [[0.3579861824259467, 0.37310443492477674, 0.02668885677378441], [0.37310443492477674, -0.09460238456198056, -0.015544933237613634], [0.02668885677378441, -0.015544933237613634, -0.2633837978640017]], "QuadLocal": [[0.26982224675964517, 0.4852680337660402, -0.0993546973324122], [0.4852680337660402, -0.05056374107793715, 0.039436317540214816], [-0.0993546973324122, 0.039436317540214816, -0.21925850568172223]], "ValueCostV4": -0.2379633226966419}, {"Convergence": true, "QuadCompare": [[-0.14557193841909566, -0.37682187084180896, 0.43602541613891077], [-0.37682187084180896, 0.3201366122821767, -0.1960926267461396], [0.43602541613891077, -0.1960926267461396, -0.17456467386305263]], "QuadTotal": [[-0.018440973107658465, 0.6507248578988509, -0.3295568680260814], [0.6507248578988509, -0.4095987887239616, 0.3572119695245206], [-0.3295568680260814, 0.3572119695245206, 0.4280397618316485]], "QuadLocal": [[0.1271309653114372, 1.0275467287406599, -0.7655822841649922], [1.0275467287406599, -0.7297354010061383, 0.5533045962706602], [-0.7655822841649922, 0.5533045962706602, 0.6026044356947011]], "ValueCostV4": -2.8542714723065163}, {"Convergence": true, "QuadCompare": [[0.22874959626909686, 0.223108105820498, 0.20534727334756053], [0.223108105820498, -0.11627807750245722, 0.07948460101282406], [0.20534727334756053, 0.07948460101282406, -0.11247151876664674]], "QuadTotal": [[-0.8132958703843727, -1.1401164984283874, -0.920819665149277], [-1.1401164984283874, 0.3725653722541722, 0.061919563559848845], [-0.920819665149277, 0.061919563559848845, 0.4407304981302218]], "QuadLocal": [[-1.0420454666534695, -1.3632246042488854, -1.1261669384968376], [-1.3632246042488854, 0.4888434497566294, -0.01756503745297522], [-1.1261669384968376, -0.01756503745297522, 0.5532020168968685]], "ValueCostV4": -0.8768044048621151}, {"Convergence": true, "QuadCompare": [[-1.7503924209800488, 0.27546410983955205, -0.09332150874976186], [0.27546410983955205, 0.5261793154080863, 0.17864490125182897], [-0.09332150874976186, 0.17864490125182897, 1.2242131055720122]], "QuadTotal": [[0.4018024390523607, -0.26745598577832475, 0.16777087407017355], [-0.26745598577832475, -0.32718939304126593, -0.06311263965481828], [0.16777087407017355, -0.06311263965481828, -0.07461304601108054]], "QuadLocal": [[2.1521948600324095, -0.5429200956178768, 0.2610923828199354], [-0.5429200956178768, -0.8533687084493522, -0.24175754090664725], [0.2610923828199354, -0.24175754090664725, -1.2988261515830928]], "ValueCostV4": -16.171587045261326}, {"Convergence": true, "QuadCompare": [[-1.125738585558281, -0.1437059664930913, 1.1693756678322251], [-0.1437059664930913, 0.9612203460938176, 0.12217303833903687], [1.1693756678322251, 0.12217303833903687, 0.16451823946445643]], "QuadTotal": [[-0.6498219610205211, 0.8202513303211989, -0.1260894596555917], [0.8202513303211989, -0.015548246553137801, 0.28734929150278615], [-0.1260894596555917, 0.28734929150278615, 0.6653702075736447]], "QuadLocal": [[0.47591662453775996, 0.9639572968142902, -1.2954651274878168], [0.9639572968142902, -0.9767685926469554, 0.1651762531637493], [-1.2954651274878168, 0.1651762531637493, 0.5008519681091883]], "ValueCostV4": -16.01820501495881}, {"Convergence": true, "QuadCompare": [[-0.010093438238762076, 0.004732452177313107, 0.22125841624545373], [0.004732452177313107, 0.08685538173956076, -0.02047105234450175], [0.22125841624545373, -0.02047105234450175, -0.07676194350082]], "QuadTotal": [[-0.517104565397922, 0.11437299459490369, 0.428645046191641], [0.11437299459490369, 0.5651488021923754, -0.034371255206790075], [0.428645046191641, -0.034371255206790075, -0.04804423679448888]], "QuadLocal": [[-0.50701112715916, 0.10964054241759058, 0.20738662994618728], [0.10964054241759058, 0.47829342045281464, -0.013900202862288324], [0.20738662994618728, -0.013900202862288324, 0.028717706706331114]], "ValueCostV4": -0.35812737950708184}, {"Convergence": true, "QuadCompare": [[0.016174659569706762, -0.10774785176836765, -0.049644048780052685], [-0.10774785176836765, 0.13429473601419062, 0.03735021687506812], [-0.049644048780052685, 0.03735021687506812, -0.1504693955839329]], "QuadTotal": [[0.11508877982996779, 0.07852970255777514, 0.0905891066904978], [0.07852970255777514, -1.260548765986961, -0.04551691872385], [0.0905891066904978, -0.04551691872385, 1.1454599861569719]], "QuadLocal": [[0.09891412026026103, 0.1862775543261428, 0.14023315547055049], [0.1862775543261428, -1.3948435020011516, -0.08286713559891812], [0.14023315547055049, -0.08286713559891812, 1.2959293817409048]], "ValueCostV4": -0.22914998601021086}, {"Convergence": true, "QuadCompare": [[-0.06838693141256869, -0.042601256626692674, -0.0020884112784873565], [-0.042601256626692674, 0.0031124809531846154, 0.02259816644724788], [-0.0020884112784873565, 0.02259816644724788, 0.06527445045937696]], "QuadTotal": [[-1.7345886939719364, -1.0281304928399528, 0.28345517737248116], [-1.0281304928399528, 1.0362654416207207, 0.07510275558316604], [0.28345517737248116, 0.07510275558316604, 0.6983232523511944]], "QuadLocal": [[-1.6662017625593677, -0.9855292362132602, 0.2855435886509685], [-0.9855292362132602, 1.033152960667536, 0.052504589135918156], [0.2855435886509685, 0.052504589135918156, 0.6330488018918174]], "ValueCostV4": -0.043380911387356946}, {"Convergence": true, "QuadCompare": [[-0.04981991378075179, -0.05598951775116401, 0.061906436727309], [-0.05598951775116401, 0.08168757972546103, -0.18902133651819453], [0.061906436727309, -0.18902133651819453, -0.03186766594466661]], "QuadTotal": [[-0.20136185249572947, -0.3730715901915964, 0.23176808033643326], [-0.3730715901915964, 0.4033493039747782, 1.016770559480197], [0.23176808033643326, 1.016770559480197, -0.20198745147903452]], "QuadLocal": [[-0.15154193871497768, -0.3170820724404324, 0.16986164360912426], [-0.3170820724404324, 0.32166172424931716, 1.2057918959983915], [0.16986164360912426, 1.2057918959983915, -0.1701197855343679]], "ValueCostV4": -0.3046669862426773}, {"Convergence": true, "QuadCompare": [[-0.23171599925041164, 0.08736732741963538, 0.03791966974692684], [0.08736732741963538, 0.2646325265874623, 0.031104832612046662], [0.03791966974692684, 0.031104832612046662, -0.032916527337086166]], "QuadTotal": [[-2.2255194393674955, -0.3310962065463019, -0.6454250156647756], [-0.3310962065463019, 1.87365639958702, -0.10153953771023327], [-0.6454250156647756, -0.10153953771023327, 0.3518630397804614]], "QuadLocal": [[-1.9938034401170839, -0.4184635339659373, -0.6833446854117025], [-0.4184635339659373, 1.6090238729995576, -0.13264437032227994], [-0.6833446854117025, -0.13264437032227994, 0.38477956711754757]], "ValueCostV4": -0.4619055866855838}, {"Convergence": true, "QuadCompare": [[0.8586499806218058, -0.1548355900838816, -0.1780076358965843], [-0.1548355900838816, -0.5139246104322197, -1.0674731057722013], [-0.1780076358965843, -1.0674731057722013, -0.34472537018959315]], "QuadTotal": [[-2.3466825038782417, 0.4907430970459137, 0.8738979593775333], [0.4907430970459137, 1.5165522334343038, 0.5397466885082238], [0.8738979593775333, 0.5397466885082238, 0.8301302704439166]], "QuadLocal": [[-3.2053324845000475, 0.6455786871297953, 1.0519055952741176], [0.6455786871297953, 2.0304768438665235, 1.6072197942804252], [1.0519055952741176, 1.6072197942804252, 1.1748556406335098]], "ValueCostV4": -11.192085810406226}, {"Convergence": true, "QuadCompare": [[-0.700760837084772, 0.0801975266211028, -0.13116370488663964], [0.0801975266211028, 0.5186045954479468, -0.2273909208286602], [-0.13116370488663964, -0.2273909208286602, 0.18215624163678967]], "QuadTotal": [[-1.3356860176997785, -0.6218412907354796, 0.30552354847589847], [-0.6218412907354796, 1.0617534029042304, 0.3822962078211365], [0.30552354847589847, 0.3822962078211365, 0.2739326147955339]], "QuadLocal": [[-0.6349251806150065, -0.7020388173565824, 0.4366872533625381], [-0.7020388173565824, 0.5431488074562836, 0.6096871286497967], [0.4366872533625381, 0.6096871286497967, 0.0917763731587442]], "ValueCostV4": -3.009214027268161}, {"Convergence": true, "QuadCompare": [[0.43592146252670716, 0.055347676627349074, 0.027324921448006023], [0.055347676627349074, -0.4765689396300772, 0.34200476010475245], [0.027324921448006023, 0.34200476010475245, 0.04064747710338423]], "QuadTotal": [[-0.16069170212383455, -0.9201419958630623, -0.7161015934547095], [-0.9201419958630623, -0.7826858630070248, -1.050090754182363], [-0.7161015934547095, -1.050090754182363, 0.9433775651308594]], "QuadLocal": [[-0.5966131646505417, -0.9754896724904114, -0.7434265149027155], [-0.9754896724904114, -0.3061169233769476, -1.3920955142871154], [-0.7434265149027155, -1.3920955142871154, 0.9027300880274751]], "ValueCostV4": -2.105286180069442}, {"Convergence": true, "QuadCompare": [[0.03253392049499837, -0.2226889277824604, 0.39360962621229945], [-0.2226889277824604, 0.19290725981619516, 0.35736969293486], [0.39360962621229945, 0.35736969293486, -0.22544118031119353]], "QuadTotal": [[0.21501118657448615, -0.07945834911672023, 0.15003441646465987], [-0.07945834911672023, -0.3400521385678843, -0.38074567829020367], [0.15003441646465987, -0.38074567829020367, 0.12504095199341236]], "QuadLocal": [[0.18247726607948778, 0.14323057866574018, -0.24357520974763958], [0.14323057866574018, -0.5329593983840795, -0.7381153712250637], [-0.24357520974763958, -0.7381153712250637, 0.3504821323046059]], "ValueCostV4": -2.4024422987260197}, {"Convergence": true, "QuadCompare": [[-0.03828587629219271, -0.0597784299839077, 0.08381933105228079], [-0.0597784299839077, -0.003248351549217432, -0.03776410750230497], [0.08381933105228079, -0.03776410750230497, 0.041534227841466986]], "QuadTotal": [[-0.6672142900862355, -2.1267305653377235, 0.37039690058113983], [-2.1267305653377235, -0.7486047522636596, 0.05726786541545614], [0.37039690058113983, 0.05726786541545614, 1.4158190423499661]], "QuadLocal": [[-0.6289284137940427, -2.066952135353816, 0.28657756952885904], [-2.066952135353816, -0.7453564007144422, 0.09503197291776111], [0.28657756952885904, 0.09503197291776111, 1.3742848145084992]], "ValueCostV4": -0.08688277864470174}, {"Convergence": true, "QuadCompare": [[-0.10176490309751784, -0.019943577722951744, -0.07159152799084367], [-0.019943577722951744, -0.09518401832237089, -0.08910944447721647], [-0.07159152799084367, -0.08910944447721647, 0.19694892141988873]], "QuadTotal": [[1.3305984122437167, 0.07681662208249307, -0.06969281703568697], [0.07681662208249307, -1.4578535158295267, -1.0795563712767375], [-0.06969281703568697, -1.0795563712767375