[{"BasisSet": "aug-cc-pvtz", "LevelOfTheory": "scf", "Scheme": "PM", "Penalty": 0.0, "StartIndex": 350, "StopIndex": 500, "Cores": 8, "Memory": 16.0}, {"Convergence": true, "QuadCompare": [[-0.48322015048649547, -0.27044067334583843, -0.10249616486563173], [-0.27044067334583843, 0.3535504057662635, -0.077555257930495], [-0.10249616486563173, -0.077555257930495, 0.1296697447202817]], "QuadTotal": [[0.3601737893217418, 0.10330858848451285, 0.22573798130059775], [0.10330858848451285, -0.8973016553303452, -0.513727595212], [0.22573798130059775, -0.513727595212, 0.5371278660086318]], "QuadLocal": [[0.8433939398082373, 0.3737492618303513, 0.3282341461662295], [0.3737492618303513, -1.2508520610966087, -0.43617233728150495], [0.3282341461662295, -0.43617233728150495, 0.40745812128835013]], "ValueCostV4": -1.7682326692365904}, {"Convergence": true, "QuadCompare": [[-0.23453219173980244, -0.09872628413028295, 0.0472709801154485], [-0.09872628413028295, 0.2843019895720005, -0.06407945571988094], [0.0472709801154485, -0.06407945571988094, -0.04976979783221225]], "QuadTotal": [[0.720312349462219, -0.8858090153303486, 0.15394472941379522], [-0.8858090153303486, -1.1268352281677352, 0.15777812495211485], [0.15394472941379522, 0.15777812495211485, 0.40652287870547354]], "QuadLocal": [[0.9548445412020214, -0.7870827312000657, 0.10667374929834672], [-0.7870827312000657, -1.4111372177397357, 0.2218575806719958], [0.10667374929834672, 0.2218575806719958, 0.4562926765376858]], "ValueCostV4": -0.5435283275305137}, {"Convergence": true, "QuadCompare": [[0.07746327997161018, 0.009013315946916123, 0.14054299793038894], [0.009013315946916123, -0.031280641864292136, 0.1666241858129851], [0.14054299793038894, 0.1666241858129851, -0.046182638107310936]], "QuadTotal": [[-0.14282026989279473, 0.239806259712104, 1.2760693106345329], [0.239806259712104, 1.3406896741304593, 0.33011122744350985], [1.2760693106345329, 0.33011122744350985, -1.197869404237636]], "QuadLocal": [[-0.2202835498644049, 0.23079294376518789, 1.135526312704144], [0.23079294376518789, 1.3719703159947514, 0.16348704163052474], [1.135526312704144, 0.16348704163052474, -1.1516867661303252]], "ValueCostV4": -0.3325415096997373}, {"Convergence": true, "QuadCompare": [[0.4841914012515147, -0.06307390323590667, -0.10737263240960715], [-0.06307390323590667, -0.5204960233575662, -0.2538886465258283], [-0.10737263240960715, -0.2538886465258283, 0.03630462210610119]], "QuadTotal": [[-0.9584553864346148, 0.13546000708217676, -0.3922044511542495], [0.13546000708217676, 1.5468927421521812, -0.05018311935145725], [-0.3922044511542495, -0.05018311935145725, -0.5884373557175095]], "QuadLocal": [[-1.4426467876861295, 0.19853391031808343, -0.28483181874464236], [0.19853391031808343, 2.0673887655097474, 0.20370552717437107], [-0.28483181874464236, 0.20370552717437107, -0.6247419778236107]], "ValueCostV4": -2.1252326885278197}, {"Convergence": true, "QuadCompare": [[-0.19219552733527223, -0.10944271972297104, -0.05701174882374005], [-0.10944271972297104, 0.06564471295763497, -0.04760979455151215], [-0.05701174882374005, -0.04760979455151215, 0.12655081437765148]], "QuadTotal": [[1.7161548956625694, -1.3403591647653186, -0.25429110155080537], [-1.3403591647653186, -2.195015755999947, 1.2202026711698863], [-0.25429110155080537, 1.2202026711698863, 0.4788608603373632]], "QuadLocal": [[1.9083504229978416, -1.2309164450423475, -0.19727935272706532], [-1.2309164450423475, -2.2606604689575818, 1.2678124657213985], [-0.19727935272706532, 1.2678124657213985, 0.3523100459597117]], "ValueCostV4": -0.29411400082460204}, {"Convergence": true, "QuadCompare": [[0.01805524703405581, -0.10548089637591529, -0.026155215594140913], [-0.10548089637591529, 0.05731645832419474, -0.01919155700187858], [-0.026155215594140913, -0.01919155700187858, -0.07537170535827187]], "QuadTotal": [[-0.22373379643963176, -1.2801965676145066, 0.3220284841257346], [-1.2801965676145066, -0.18514466194959311, -0.6037818832532373], [0.3220284841257346, -0.6037818832532373, 0.4088784583892249]], "QuadLocal": [[-0.24178904347368757, -1.1747156712385913, 0.3481836997198755], [-1.1747156712385913, -0.24246112027378786, -0.5845903262513588], [0.3481836997198755, -0.5845903262513588, 0.48425016374749674]], "ValueCostV4": -0.10727828560896971}, {"Convergence": true, "QuadCompare": [[-0.13905066313630243, -0.4179050483474711, 0.17493221775477252], [-0.4179050483474711, -0.012046214666725064, 0.09664212278758555], [0.17493221775477252, 0.09664212278758555, 0.1510968778030275]], "QuadTotal": [[-0.11671684650573866, -1.015578212797628, -0.6883218578909656], [-1.015578212797628, 0.34731126558794756, 0.11021911982253485], [-0.6883218578909656, 0.11021911982253485, -0.2305944190822231]], "QuadLocal": [[0.022333816630563774, -0.597673164450157, -0.8632540756457381], [-0.597673164450157, 0.3593574802546726, 0.0135769970349493], [-0.8632540756457381, 0.0135769970349493, -0.3816912968852506]], "ValueCostV4": -1.5031430470214449}, {"Convergence": true, "QuadCompare": [[0.04768756000839858, 0.0935899591111351, 0.3357381964643764], [0.0935899591111351, 0.14367567327991537, 0.2639280274214997], [0.3357381964643764, 0.2639280274214997, -0.19136323328834237]], "QuadTotal": [[-0.7402916378327689, 0.2027003419502833, -0.5024828536395916], [0.2027003419502833, -0.6378768668989352, -0.12509047785221128], [-0.5024828536395916, -0.12509047785221128, 1.3781685047316756]], "QuadLocal": [[-0.7879791978411674, 0.1091103828391482, -0.838221050103968], [0.1091103828391482, -0.7815525401788506, -0.38901850527371096], [-0.838221050103968, -0.38901850527371096, 1.569531738020018]], "ValueCostV4": -1.408549580254761}, {"Convergence": true, "QuadCompare": [[0.39464641905557585, -0.26565247666546554, -0.21329341990835005], [-0.26565247666546554, -0.2420746414980215, -0.1502266963241965], [-0.21329341990835005, -0.1502266963241965, -0.15257177755756857]], "QuadTotal": [[-0.21502802257991505, 0.7952329598108605, 0.546787660942254], [0.7952329598108605, 0.17245008670229822, -0.07303491034407728], [0.546787660942254, -0.07303491034407728, 0.04257793587760261]], "QuadLocal": [[-0.6096744416354909, 1.060885436476326, 0.760081080850604], [1.060885436476326, 0.4145247282003197, 0.07719178598011922], [0.760081080850604, 0.07719178598011922, 0.19514971343517118]], "ValueCostV4": -1.6415369012567882}, {"Convergence": true, "QuadCompare": [[0.5838071700197744, -0.08796125231227592, 0.08249402773473546], [-0.08796125231227592, -0.6882132667226273, 0.09730925584547911], [0.08249402773473546, 0.09730925584547911, 0.10440609670284573]], "QuadTotal": [[-1.4419175513158464, -1.0547124568025872, 0.0008829945650754567], [-1.0547124568025872, 1.828475292891497, -0.47175633053811517], [0.0008829945650754567, -0.47175633053811517, -0.3865577415756505]], "QuadLocal": [[-2.025724721335621, -0.9667512044903113, -0.08161103316966001], [-0.9667512044903113, 2.516688559614124, -0.5690655863835943], [-0.08161103316966001, -0.5690655863835943, -0.4909638382784962]], "ValueCostV4": -2.784483863019465}, {"Convergence": true, "QuadCompare": [[0.3265494481544593, -0.6615853849486051, 0.127939459231174], [-0.6615853849486051, -0.5870678053023113, 0.0921407387969424], [0.127939459231174, 0.0921407387969424, 0.2605183571478378]], "QuadTotal": [[-0.35784212104636026, 1.5424334487243776, -0.3067355348108727], [1.5424334487243776, 0.5217172921186801, 0.03084998205045153], [-0.3067355348108727, 0.03084998205045153, -0.16387517107231986]], "QuadLocal": [[-0.6843915692008196, 2.2040188336729827, -0.4346749940420467], [2.2040188336729827, 1.1087850974209914, -0.06129075674649087], [-0.4346749940420467, -0.06129075674649087, -0.42439352822015763]], "ValueCostV4": -4.6044837403697905}, {"Convergence": true, "QuadCompare": [[-0.06423445699571317, -0.11513767567828381, -0.20364909515550522], [-0.11513767567828381, -0.0757652200746719, 0.026192696161430717], [-0.20364909515550522, 0.026192696161430717, 0.1399996770703993]], "QuadTotal": [[0.24617764226822203, 0.2954858200920967, 0.5506011030203837], [0.2954858200920967, -0.493703888107774, 0.19286674301459072], [0.5506011030203837, 0.19286674301459072, 0.24752624583954486]], "QuadLocal": [[0.3104120992639352, 0.4106234957703805, 0.7542501981758889], [0.4106234957703805, -0.4179386680331021, 0.16667404685316], [0.7542501981758889, 0.16667404685316, 0.10752656876914557]], "ValueCostV4": -0.4472868649628711}, {"Convergence": true, "QuadCompare": [[-0.09012273317765107, 0.08317552136453088, 0.04297662220533738], [0.08317552136453088, 0.008361163659202475, -0.16347596851772828], [0.04297662220533738, -0.16347596851772828, 0.08176156951841307]], "QuadTotal": [[0.313694732295275, -1.192303014773067, 0.3486145720017788], [-1.192303014773067, -0.2622664435663893, 0.40640903755131674], [0.3486145720017788, 0.40640903755131674, -0.051428288728907035]], "QuadLocal": [[0.4038174654729261, -1.275478536137598, 0.30563794979644143], [-1.275478536137598, -0.27062760722559176, 0.569885006069045], [0.30563794979644143, 0.569885006069045, -0.1331898582473201]], "ValueCostV4": -0.2737199733806029}, {"Convergence": true, "QuadCompare": [[-0.03532632304307981, -0.015853998311285977, -0.13569093840093416], [-0.015853998311285977, -0.0417945065312324, 0.20928151465337308], [-0.13569093840093416, 0.20928151465337308, 0.07712082957434063]], "QuadTotal": [[-0.24221509571512456, 0.10805350323238372, 0.7002697304938081], [0.10805350323238372, 0.6775818652852763, 0.25933191792828225], [0.7002697304938081, 0.25933191792828225, -0.43536676957014464]], "QuadLocal": [[-0.20688877267204475, 0.1239075015436697, 0.8359606688947423], [0.1239075015436697, 0.7193763718165087, 0.05005040327490917], [0.8359606688947423, 0.05005040327490917, -0.5124875991444853]], "ValueCostV4": -0.4267836504347711}, {"Convergence": true, "QuadCompare": [[-0.2864342395222792, -0.19006243258155564, 0.18586951784786265], [-0.19006243258155564, 0.24423309946742222, -0.09757421075255301], [0.18586951784786265, -0.09757421075255301, 0.042201140054814346]], "QuadTotal": [[0.09084243473778031, 0.6846056229334678, 0.2838889332257821], [0.6846056229334678, 0.20885882385118748, 0.5795558581038378], [0.2838889332257821, 0.5795558581038378, -0.29970125858903884]], "QuadLocal": [[0.3772766742600595, 0.8746680555150235, 0.09801941537791947], [0.8746680555150235, -0.03537427561623474, 0.6771300688563908], [0.09801941537791947, 0.6771300688563908, -0.3419023986438532]], "ValueCostV4": -0.9687413761848526}, {"Convergence": true, "QuadCompare": [[0.304777894419459, 0.24391165712156848, 0.10878067602536845], [0.24391165712156848, 0.08287633997544219, -0.0965906144773836], [0.10878067602536845, -0.0965906144773836, -0.3876542343949154]], "QuadTotal": [[0.23648722240184838, -0.5644254806876212, -0.27475426120948043], [-0.5644254806876212, -0.35521928100628486, 0.1515685662430748], [-0.27475426120948043, 0.1515685662430748, 0.11873205860445069]], "QuadLocal": [[-0.06829067201761063, -0.8083371378091897, -0.3835349372348489], [-0.8083371378091897, -0.43809562098172705, 0.2481591807204584], [-0.3835349372348489, 0.2481591807204584, 0.5063862929993661]], "ValueCostV4": -1.311421677146445}, {"Convergence": true, "QuadCompare": [[-0.295008317917997, -0.2383137477563082, 0.1918305155358606], [-0.2383137477563082, -0.6253923643604438, -0.343982901881267], [0.1918305155358606, -0.343982901881267, 0.9204006822784265]], "QuadTotal": [[0.3967008519470667, -0.048957209616908415, -0.5557677204971156], [-0.048957209616908415, 0.6475127585398184, -0.28281640477803727], [-0.5557677204971156, -0.28281640477803727, -1.044213610486871]], "QuadLocal": [[0.6917091698650637, 0.1893565381393998, -0.7475982360329763], [0.1893565381393998, 1.2729051229002621, 0.061166497103229744], [-0.7475982360329763, 0.061166497103229744, -1.9646142927652974]], "ValueCostV4": -5.5764028916709325}, {"Convergence": true, "QuadCompare": [[-0.5042903146761901, -0.5384084161270906, 0.3429716244371601], [-0.5384084161270906, -0.1829954549249564, 0.0248903044903237], [0.3429716244371601, 0.0248903044903237, 0.6872857696011252]], "QuadTotal": [[-0.06290920753098561, 0.26560780137060647, -0.13347766519258464], [0.26560780137060647, 1.1135695431220896, -0.5162296879280444], [-0.13347766519258464, -0.5162296879280444, -1.0506603355911466]], "QuadLocal": [[0.4413811071452045, 0.804016217497697, -0.47644928962974475], [0.804016217497697, 1.296564998047046, -0.5411199924183681], [-0.47644928962974475, -0.5411199924183681, -1.7379461051922718]], "ValueCostV4": -5.025835749828552}, {"Convergence": true, "QuadCompare": [[0.440780664060199, -0.4792250728885392, -0.09612098976491801], [-0.4792250728885392, -0.2626305187711466, -0.23107606406647818], [-0.09612098976491801, -0.23107606406647818, -0.17815014528902395]], "QuadTotal": [[-0.9944526709553543, -0.2706992897644369, -0.184410912960713], [-0.2706992897644369, 0.6293391389960732, 0.14207702487352236], [-0.184410912960713, 0.14207702487352236, 0.3651135319592953]], "QuadLocal": [[-1.4352333350155533, 0.2085257831241023, -0.08828992319579498], [0.2085257831241023, 0.8919696577672198, 0.37315308894000054], [-0.08828992319579498, 0.37315308894000054, 0.5432636772483193]], "ValueCostV4": -2.8042246174077716}, {"Convergence": true, "QuadCompare": [[-0.7474110206358802, 0.5851507473503261, -0.1901190201400067], [0.5851507473503261, 0.18646703106878704, 0.03764093713680605], [-0.1901190201400067, 0.03764093713680605, 0.5609439895671073]], "QuadTotal": [[0.46899611423479826, -0.532807392296661, 0.6111015234965129], [-0.532807392296661, -0.14319106628499867, 0.1041266561822356], [0.6111015234965129, 0.1041266561822356, -0.32580504794974274]], "QuadLocal": [[1.2164071348706784, -1.117958139646987, 0.8012205436365196], [-1.117958139646987, -0.3296580973537857, 0.06648571904542955], [0.8012205436365196, 0.06648571904542955, -0.8867490375168501]], "ValueCostV4": -5.317725103155966}, {"Convergence": true, "QuadCompare": [[-0.3707539924991323, -0.03643135908481554, -0.13330919088377158], [-0.03643135908481554, 0.3790473472880578, -0.24300768574858012], [-0.13330919088377158, -0.24300768574858012, -0.008293354788982299]], "QuadTotal": [[0.5987244687140674, 0.4751153892216564, 0.12192418168842067], [0.4751153892216564, -0.36993052526010217, 0.3695551404997559], [0.12192418168842067, 0.3695551404997559, -0.22879394345401494]], "QuadLocal": [[0.9694784612131997, 0.511546748306472, 0.25523337257219225], [0.511546748306472, -0.74897787254816, 0.612562826248336], [0.25523337257219225, 0.612562826248336, -0.22050058866503264]], "ValueCostV4": -1.394826937446355}, {"Convergence": true, "QuadCompare": [[-0.2538285121920367, 0.16863869935745868, -0.02745081280895878], [0.16863869935745868, 0.3958667839502539, 0.11159491809336963], [-0.02745081280895878, 0.11159491809336963, -0.14203827175818162]], "QuadTotal": [[0.6717421204817384, -0.9950542918691916, -0.39425134289445873], [-0.9950542918691916, -1.0233168091163662, -0.27637831657896494], [-0.39425134289445873, -0.27637831657896494, 0.3515746886346278]], "QuadLocal": [[0.9255706326737752, -1.1636929912266503, -0.36680053008549995], [-1.1636929912266503, -1.4191835930666201, -0.3879732346723346], [-0.36680053008549995, -0.3879732346723346, 0.49361296039280944]], "ValueCostV4": -1.0348856848342902}, {"Convergence": true, "QuadCompare": [[-0.027575717724872106, -0.16707336417222507, 0.009492108000980437], [-0.16707336417222507, -0.022532404730569056, 0.0796048097545281], [0.009492108000980437, 0.0796048097545281, 0.05010812245545537]], "QuadTotal": [[-0.9698773825854516, -0.6914506755895289, -0.07455792424116581], [-0.6914506755895289, -0.1511250078951889, 0.1252748788740874], [-0.07455792424116581, 0.1252748788740874, 1.1210023904806832]], "QuadLocal": [[-0.9423016648605795, -0.5243773114173038, -0.08405003224214624], [-0.5243773114173038, -0.12859260316461985, 0.04567006911955929], [-0.08405003224214624, 0.04567006911955929, 1.0708942680252278]], "ValueCostV4": -0.23101168813446946}, {"Convergence": true, "QuadCompare": [[-0.28695170590356867, 0.23291274816994356, 0.0021179157282453787], [0.23291274816994356, 0.027857210819057343, 0.15255730704387638], [0.0021179157282453787, 0.15255730704387638, 0.2590944950845113]], "QuadTotal": [[0.050043510910697364, -0.6023243549572079, -0.2908151777517425], [-0.6023243549572079, -0.7195073824748164, -0.932583104416139], [-0.2908151777517425, -0.932583104416139, 0.6694638715641474]], "QuadLocal": [[0.33699521681426603, -0.8352371031271515, -0.29293309347998786], [-0.8352371031271515, -0.7473645932938737, -1.0851404114600154], [-0.29293309347998786, -1.0851404114600154, 0.4103693764796361]], "ValueCostV4": -0.9733361444442045}, {"Convergence": true, "QuadCompare": [[-0.03423383116087564, 0.021635319822404853, 0.12407531158968865], [0.021635319822404853, 0.018800520050135106, 0.19196200532645236], [0.12407531158968865, 0.19196200532645236, 0.015433311110733428]], "QuadTotal": [[-0.2962471393545414, 0.3022770089029958, -0.3083163769004216], [0.3022770089029958, -0.12103986584099857, -0.8677863666316359], [-0.3083163769004216, -0.8677863666316359, 0.41728700519553286]], "QuadLocal": [[-0.26201330819366575, 0.28064168908059095, -0.4323916884901102], [0.28064168908059095, -0.13984038589113368, -1.0597483719580882], [-0.4323916884901102, -1.0597483719580882, 0.40185369408479943]], "ValueCostV4": -0.34172874410609383}, {"Convergence": true, "QuadCompare": [[0.24841750315694355, -0.30336458861574744, 0.03331473670571228], [-0.30336458861574744, -0.6543899739810399, -0.19195403731476296], [0.03331473670571228, -0.19195403731476296, 0.4059724708241177]], "QuadTotal": [[-0.7844230377646468, -0.885464286380043, 0.727978276785521], [-0.885464286380043, 0.4690743718994028, -0.49892058259463096], [0.727978276785521, -0.49892058259463096, 0.3153486658652582]], "QuadLocal": [[-1.0328405409215904, -0.5820996977642956, 0.6946635400798087], [-0.5820996977642956, 1.1234643458804427, -0.306966545279868], [0.6946635400798087, -0.306966545279868, -0.09062380495885947]], "ValueCostV4": -2.9162545826984023}, {"Convergence": true, "QuadCompare": [[-0.3083491662834277, -0.06770421572991125, 0.13886132790704409], [-0.06770421572991125, 0.3050371366896414, 0.019219462005301224], [0.13886132790704409, 0.019219462005301224, 0.003312029593786292]], "QuadTotal": [[-0.8065580586784122, -0.12228285200860789, 0.5995867854335231], [-0.12228285200860789, 0.6688612436089088, 0.0658414100644471], [0.5995867854335231, 0.0658414100644471, 0.13769681506948928]], "QuadLocal": [[-0.49820889239498456, -0.054578636278696635, 0.460725457526479], [-0.054578636278696635, 0.36382410691926736, 0.04662194805914588], [0.460725457526479, 0.04662194805914588, 0.13438478547570298]], "ValueCostV4": -0.7543401688071538}, {"Convergence": true, "QuadCompare": [[-0.17875549000929425, -0.049894920700606527, 0.24981357336775645], [-0.049894920700606527, 0.05840929771299841, -0.24864636729382283], [0.24981357336775645, -0.24864636729382283, 0.12034619229627452]], "QuadTotal": [[0.9357560455118232, 0.4153552881275697, -0.9741629337924493], [0.4153552881275697, 0.8350876446456681, 0.8284161852278977], [-0.9741629337924493, 0.8284161852278977, -1.7708436901575055]], "QuadLocal": [[1.1145115355211175, 0.46525020882817625, -1.2239765071602058], [0.46525020882817625, 0.7766783469326697, 1.0770625525217206], [-1.2239765071602058, 1.0770625525217206, -1.89118988245378]], "ValueCostV4": -0.9669301269830435}, {"Convergence": true, "QuadCompare": [[-0.020919129823511184, -0.3836744862514059, -0.3451275623097416], [-0.3836744862514059, -0.5029446762162948, -0.0798152696175336], [-0.3451275623097416, -0.0798152696175336, 0.5238638060398273]], "QuadTotal": [[0.17996756435866246, 0.45915769079282365, 0.5093110165916652], [0.45915769079282365, 0.27776921981185865, -0.35110963976811327], [0.5093110165916652, -0.35110963976811327, -0.4577367841705211]], "QuadLocal": [[0.20088669418217364, 0.8428321770442295, 0.8544385789014068], [0.8428321770442295, 0.7807138960281534, -0.27129437015057967], [0.8544385789014068, -0.27129437015057967, -0.9816005902103484]], "ValueCostV4": -3.4215080164626177}, {"Convergence": true, "QuadCompare": [[-0.10182629965976275, -0.13808248733514383, 0.0024678374510337386], [-0.13808248733514383, 0.1759779302781368, -0.0024966286784475766], [0.0024678374510337386, -0.0024966286784475766, -0.07415163061838825]], "QuadTotal": [[-1.453135593994574, -0.20198236485289, 0.010367941828058114], [-0.20198236485289, 1.7078589468520633, -0.029752320238830676], [0.010367941828058114, -0.029752320238830676, -0.2547233528575248]], "QuadLocal": [[-1.3513092943348113, -0.06389987751774617, 0.007900104377024375], [-0.06389987751774617, 1.5318810165739265, -0.0272556915603831], [0.007900104377024375, -0.0272556915603831, -0.18057172223913653]], "ValueCostV4": -0.27096994433588495}, {"Convergence": true, "QuadCompare": [[-0.34520144846876377, 0.037922848199468895, 0.21812075413957643], [0.037922848199468895, 0.018109213719164075, 0.05530242870407509], [0.21812075413957643, 0.05530242870407509, 0.3270922347495997]], "QuadTotal": [[-2.13741440546724, 0.2310011111744581, 0.37408106818489273], [0.2310011111744581, 0.6846960060440637, -0.3216443001157825], [0.37408106818489273, -0.3216443001157825, 1.4527183994231834]], "QuadLocal": [[-1.7922129569984762, 0.1930782629749892, 0.1559603140453163], [0.1930782629749892, 0.6665867923248996, -0.3769467288198576], [0.1559603140453163, -0.3769467288198576, 1.1256261646735837]], "ValueCostV4": -1.054082603545054}, {"Convergence": true, "QuadCompare": [[0.1530814229405948, -0.5003966002661855, 0.025653244043866597], [-0.5003966002661855, -0.7229265718818851, -0.22193404439920528], [0.025653244043866597, -0.22193404439920528, 0.5698451489412477]], "QuadTotal": [[0.4592489084069058, 1.5293551602111854, 0.07273973049929694], [1.5293551602111854, 0.7970392087753169, -0.495803556971822], [0.07273973049929694, -0.495803556971822, -1.2562881171822724]], "QuadLocal": [[0.306167485466311, 2.029751760477371, 0.04708648645543034], [2.029751760477371, 1.519965780657202, -0.2738695125726167], [0.04708648645543034, -0.2738695125726167, -1.8261332661235201]], "ValueCostV4": -4.691006700431633}, {"Convergence": true, "QuadCompare": [[-0.24778244900971913, -0.23790195423812577, 0.20290868178691568], [-0.23790195423812577, 0.2684067342302967, -0.04045191961254346], [0.20290868178691568, -0.04045191961254346, -0.02062428522057047]], "QuadTotal": [[0.881952232154859, -0.10224757602209422, 0.266219017020056], [-0.10224757602209422, -0.24696114443188577, 0.7003707847558935], [0.266219017020056, 0.7003707847558935, -0.634991087722959]], "QuadLocal": [[1.129734681164578, 0.13565437821603155, 0.06331033523314034], [0.13565437821603155, -0.5153678786621825, 0.740822704368437], [0.06331033523314034, 0.740822704368437, -0.6143668025023885]], "ValueCostV4": -1.0606096450499987}, {"Convergence": true, "QuadCompare": [[0.21963648820795356, -0.25963099439682935, 0.3954665916603093], [-0.25963099439682935, 0.15427052764450622, 0.2559508358463334], [0.3954665916603093, 0.2559508358463334, -0.3739070158524811]], "QuadTotal": [[-0.31023258105459206, 0.2906093593067425, -0.319991016094719], [0.2906093593067425, 0.41583861828755886, 0.1425707472558826], [-0.319991016094719, 0.1425707472558826, -0.10560603723291706]], "QuadLocal": [[-0.5298690692625456, 0.5502403537035718, -0.7154576077550283], [0.5502403537035718, 0.26156809064305264, -0.11338008859045079], [-0.7154576077550283, -0.11338008859045079, 0.26830097861956403]], "ValueCostV4": -2.5201239264534006}, {"Convergence": true, "QuadCompare": [[-0.17629322148713555, -0.36399335911557884, 0.229384751680068], [-0.36399335911557884, 0.2650267215317825, -0.1540836277851696], [0.229384751680068, -0.1540836277851696, -0.08873350004463276]], "QuadTotal": [[-0.006721004543706499, 0.4492962510676044, -0.5761090261506805], [0.4492962510676044, -0.4748698679821928, -0.6237369055219446], [-0.5761090261506805, -0.6237369055219446, 0.4815908725259206]], "QuadLocal": [[0.16957221694342905, 0.8132896101831832, -0.8054937778307485], [0.8132896101831832, -0.7398965895139753, -0.469653277736775], [-0.8054937778307485, -0.469653277736775, 0.5703243725705534]], "ValueCostV4": -1.6798003014514384}, {"Convergence": true, "QuadCompare": [[-0.21219765418074132, 0.05701779839188248, -0.0332357804844321], [0.05701779839188248, -0.14695038847889919, -0.03631325272838026], [-0.0332357804844321, -0.03631325272838026, 0.359148042659605]], "QuadTotal": [[0.32923974468387485, -0.4192831412708813, 0.36179963998318954], [-0.4192831412708813, 0.39680306633570694, -0.1829244874385374], [0.36179963998318954, -0.1829244874385374, -0.7260428110196031]], "QuadLocal": [[0.5414373988646162, -0.47630093966276377, 0.39503542046762163], [-0.47630093966276377, 0.5437534548146061, -0.14661123471015713], [0.39503542046762163, -0.14661123471015713, -1.085190853679208]], "ValueCostV4": -0.6598087517911229}, {"Convergence": true, "QuadCompare": [[-0.23471200113955604, 0.35767391438101015, 0.7218659114696351], [0.35767391438101015, 0.4264883521702103, -0.6035265402344514], [0.7218659114696351, -0.6035265402344514, -0.19177635103065427]], "QuadTotal": [[1.1836247245348375, 0.2946464928133459, -0.8236000523472811], [0.2946464928133459, -0.5837107725127169, 1.009468662973223], [-0.8236000523472811, 1.009468662973223, -0.5999139520221064]], "QuadLocal": [[1.4183367256743935, -0.06302742156766428, -1.5454659638169161], [-0.06302742156766428, -1.0101991246829272, 1.6129952032076744], [-1.5454659638169161, 1.6129952032076744, -0.40813760099145213]], "ValueCostV4": -7.33361711921779}, {"Convergence": true, "QuadCompare": [[-0.08956615370829013, -0.0461536918801535, -0.22501137860255938], [-0.0461536918801535, 0.1352132459812978, -0.20917020862521696], [-0.22501137860255938, -0.20917020862521696, -0.04564709227300057]], "QuadTotal": [[-1.8166714474375993, -0.4173225891972585, -0.8108929755312886], [-0.4173225891972585, 1.1095614838636791, 0.1362307286630653], [-0.8108929755312886, 0.1362307286630653, 0.7071099635739415]], "QuadLocal": [[-1.7271052937293092, -0.371168897317105, -0.5858815969287292], [-0.371168897317105, 0.9743482378823813, 0.34540093728828225], [-0.5858815969287292, 0.34540093728828225, 0.7527570558469421]], "ValueCostV4": -0.7058934950787186}, {"Convergence": true, "QuadCompare": [[-1.0543718076893072, 0.29477986689575886, -0.03282743433525326], [0.29477986689575886, -0.07275569823123362, -0.06528308373018987], [-0.03282743433525326, -0.06528308373018987, 1.127127505920555]], "QuadTotal": [[-0.1873599916282842, -0.5341033715219581, 0.6124054490580422], [-0.5341033715219581, 0.8253663668342739, 0.30164108919994437], [0.6124054490580422, 0.30164108919994437, -0.6380063752059613]], "QuadLocal": [[0.867011816061023, -0.8288832384177169, 0.6452328833932954], [-0.8288832384177169, 0.8981220650655075, 0.36692417293013424], [0.6452328833932954, 0.36692417293013424, -1.7651338811265163]], "ValueCostV4": -8.199474777048525}, {"Convergence": true, "QuadCompare": [[0.46352704365044417, -0.8982314434636436, -0.129827631277738], [-0.8982314434636436, -1.592072845055128, 0.047085595495123034], [-0.129827631277738, 0.047085595495123034, 1.1285458014045986]], "QuadTotal": [[1.347078357508778, 0.19562150298557412, 0.784644029970091], [0.19562150298557412, -2.007446251597571, 0.2428459191497474], [0.784644029970091, 0.2428459191497474, 0.6603678940887505]], "QuadLocal": [[0.8835513138583337, 1.0938529464492177, 0.914471661247829], [1.0938529464492177, -0.41537340654244304, 0.19576032365462437], [0.914471661247829, 0.19576032365462437, -0.4681779073158481]], "ValueCostV4": -18.092465158797935}, {"Convergence": true, "QuadCompare": [[0.8086335892007384, 0.2843965523473031, 0.39215556155758335], [0.2843965523473031, -0.8249575050308522, 0.3383871233258162], [0.39215556155758335, 0.3383871233258162, 0.0163239158301991]], "QuadTotal": [[0.300276529141712, -0.4458553123547162, 0.29929430056728634], [-0.4458553123547162, 0.014520892738630664, -0.6767449540657537], [0.29929430056728634, -0.6767449540657537, -0.3147974218803]], "QuadLocal": [[-0.5083570600590264, -0.7302518647020193, -0.09286126099029701], [-0.7302518647020193, 0.8394783977694829, -1.01513207739157], [-0.09286126099029701, -1.01513207739157, -0.3311213377104991]], "ValueCostV4": -6.481639117175558}, {"Convergence": true, "QuadCompare": [[-0.2897228280313726, -0.5974263056273799, -0.11530448071135746], [-0.5974263056273799, -0.23442048952192351, 0.0038061449001780545], [-0.11530448071135746, 0.0038061449001780545, 0.5241433175533103]], "QuadTotal": [[1.0770845060934136, -2.3978692001398088, -0.2317489201619094], [-2.3978692001398088, -2.2841035508523078, -0.30432935987831833], [-0.2317489201619094, -0.30432935987831833, 1.20701904475888]], "QuadLocal": [[1.3668073341247862, -1.800442894512429, -0.11644443945055194], [-1.800442894512429, -2.0496830613303842, -0.3081355047784964], [-0.11644443945055194, -0.3081355047784964, 0.6828757272055697]], "ValueCostV4": -3.6793337195589917}, {"Convergence": true, "QuadCompare": [[0.17066769166400775, -0.23985023968680252, 0.009213748166871483], [-0.23985023968680252, -0.13796195382847998, -0.12386278499989345], [0.009213748166871483, -0.12386278499989345, -0.03270573783552777]], "QuadTotal": [[0.40198400613699903, 0.13045882734959946, -0.6291291085330144], [0.13045882734959946, -0.9574508909599047, -0.8063664610499188], [-0.6291291085330144, -0.8063664610499188, 0.5554668848228914]], "QuadLocal": [[0.23131631447299128, 0.370309067036402, -0.6383428566998859], [0.370309067036402, -0.8194889371314247, -0.6825036760500254], [-0.6383428566998859, -0.6825036760500254, 0.5881726226584192]], "ValueCostV4": -0.6221330467802926}, {"Convergence": true, "QuadCompare": [[0.3261655984732883, 0.05293804836922433, -0.11954621939274546], [0.05293804836922433, 0.0694986202953487, -0.30218197820241954], [-0.11954621939274546, -0.30218197820241954, -0.3956642187686157]], "QuadTotal": [[0.7495995925194947, -0.6175406500432601, 0.6069533316117273], [-0.6175406500432601, 1.3513384738458, 0.24886122428204516], [0.6069533316117273, 0.24886122428204516, -2.100938066365316]], "QuadLocal": [[0.4234339940462064, -0.6704786984124844, 0.7264995510044727], [-0.6704786984124844, 1.2818398535504514, 0.5510432024844647], [0.7264995510044727, 0.5510432024844647, -1.7052738475967004]], "ValueCostV4": -1.544900841193412}, {"Convergence": true, "QuadCompare": [[0.1875148160813609, 0.2432593465696904, -0.3391415273321883], [0.2432593465696904, 0.08634088122756367, 0.4711192214650861], [-0.3391415273321883, 0.4711192214650861, -0.27385569730890325]], "QuadTotal": [[-0.12440238364463596, 1.218676518099434, 0.46172219611078447], [1.218676518099434, -1.0618468867072224, 1.5516692442851472], [0.46172219611078447, 1.5516692442851472, 1.1862492703518797]], "QuadLocal": [[-0.31191719972599685, 0.9754171715297435, 0.8008637234429727], [0.9754171715297435, -1.148187767934786, 1.080550022820061], [0.8008637234429727, 1.080550022820061, 1.460104967660783]], "ValueCostV4": -2.900889640797107}, {"Convergence": true, "QuadCompare": [[-0.36333899503375733, -0.7091447331634839, 0.2926057081694182], [-0.7091447331634839, 0.2544723932134332, 0.1496344970742136], [0.2926057081694182, 0.1496344970742136, 0.10886660182032415]], "QuadTotal": [[-0.8490806764633021, -2.1571447754864437, 0.7871154960600109], [-2.1571447754864437, 0.6485870099909334, 0.4430012811035873], [0.7871154960600109, 0.4430012811035873, 0.20049366647232603]], "QuadLocal": [[-0.48574168142954477, -1.4480000423229598, 0.49450978789059263], [-1.4480000423229598, 0.39411461677750026, 0.29336678402937366], [0.49450978789059263, 0.29336678402937366, 0.09162706465200188]], "ValueCostV4": -4.560337067197345}, {"Convergence": true, "QuadCompare": [[0.03004232481151803, -0.1285245093698668, 0.12907035326831817], [-0.1285245093698668, 0.2508006115892272, 0.07012747827476318], [0.12907035326831817, 0.07012747827476318, -0.280842936400731]], "QuadTotal": [[1.0630536884644357, 1.0514544201010194, 0.6884890470600453], [1.0514544201010194, 0.8693416755744181, -0.845869546948812], [0.6884890470600453, -0.845869546948812, -1.9323953640388396]], "QuadLocal": [[1.0330113636529177, 1.1799789294708862, 0.5594186937917272], [1.1799789294708862, 0.6185410639851909, -0.9159970252235752], [0.5594186937917272, -0.9159970252235752, -1.6515524276381086]], "ValueCostV4": -0.6977767999471989}, {"Convergence": true, "QuadCompare": [[-1.7347290138774838, 0.42299187086535284, -0.3062288823141017], [0.42299187086535284, 1.0312276327707224, 0.05885882066914938], [-0.3062288823141017, 0.05885882066914938, 0.7035013811067472]], "QuadTotal": [[-0.8194293962446295, -0.27987705180860445, 0.2281923600198752], [-0.27987705180860445, -0.4112126130632987, -0.04330935495242905], [0.2281923600198752, -0.04330935495242905, 1.23064200930785]], "QuadLocal": [[0.9152996176328543, -0.7028689226739573, 0.5344212423339769], [-0.7028689226739573, -1.442440245834021, -0.10216817562157843], [0.5344212423339769, -0.10216817562157843, 0.5271406282011029]], "ValueCostV4": -16.323060687984952}, {"Convergence": true, "QuadCompare": [[-0.21530827436554034, -0.1326157632157816, -0.10567739689531663], [-0.1326157632157816, -0.11427920586103113, 0.09795392535419811], [-0.10567739689531663, 0.09795392535419811, 0.3295874802265857]], "QuadTotal": [[-0.7494435748909041, -1.7545201202824146, -0.029633104789027698], [-1.7545201202824146, -0.540015786494827, -0.9127025332178675], [-0.029633104789027698, -0.9127025332178675, 1.2894593613857666]], "QuadLocal": [[-0.5341353005253637, -1.621904357066633, 0.07604429210628894], [-1.621904357066633, -0.4257365806337958, -1.0106564585720657], [0.07604429210628894, -1.0106564585720657, 0.9598718811591809]], "ValueCostV4": -0.7802764645205349}, {"Convergence": true, "QuadCompare": [[-0.02019888665429903, 0.24620351426184328, 0.36761238739288515], [0.24620351426184328, -0.26247159169865597, -0.017899358020960765], [0.36761238739288515, -0.017899358020960765, 0.2826704783529834]], "QuadTotal": [[-1.3788455965610211, -0.6593902672419745, 0.682866988699665], [-0.6593902672419745, 1.8423506501392524, 0.49071179512968266], [0.682866988699665, 0.49071179512968266, -0.46350505357821703]], "QuadLocal": [[-1.358646709906722, -0.9055937815038178, 0.31525460130677985], [-0.9055937815038178, 2.1048222418379083, 0.5086111531506434], [0.31525460130677985, 0.5086111531506434, -0.7461755319312005]], "ValueCostV4": -1.7259009073824063}, {"Convergence": true, "QuadCompare": [[-0.521170399262445, -0.6388004937705318, 1.5089118839560882], [-0.6388004937705318, 0.8073468427256856, 0.5612966762019571], [1.5089118839560882, 0.5612966762019571, -0.28617644346325477]], "QuadTotal": [[1.3430806597792113, 1.3347322251276452, -1.5897836144839914], [1.3347322251276452, -1.5842101485027982, -1.8726273498464217], [-1.5897836144839914, -1.8726273498464217, 0.24112948872360107]], "QuadLocal": [[1.8642510590416563, 1.973532718898177, -3.0986954984400796], [1.973532718898177, -2.3915569912284838, -2.4339240260483788], [-3.0986954984400796, -2.4339240260483788, 0.5273059321868558]], "ValueCostV4": -22.333443696224432}, {"Convergence": true, "QuadCompare": [[-0.15375249466162444, 0.08805058470274396, 0.15716285907970473], [0.08805058470274396, -0.0684053735617951, 0.10235116227616181], [0.15716285907970473, 0.10235116227616181, 0.2221578682233769]], "QuadTotal": [[1.0200375267604684, -0.3221803627161304, -0.5090590355888374], [-0.3221803627161304, -1.5328460714967704, -0.02390967523871179], [-0.5090590355888374, -0.02390967523871179, 0.5128085447362665]], "QuadLocal": [[1.1737900214220929, -0.41023094741887434, -0.6662218946685421], [-0.41023094741887434, -1.4644406979349753, -0.1262608375148736], [-0.6662218946685421, -0.1262608375148736, 0.29065067651288956]], "ValueCostV4": -0.5213571351261319}, {"Convergence": true, "QuadCompare": [[-0.17141452013394343, -0.16865579077940396, 0.0642445429498153], [-0.16865579077940396, -0.22846365492193144, 0.09328638204737771], [0.0642445429498153, 0.09328638204737771, 0.39987817505585355]], "QuadTotal": [[1.037894109684764, 0.4164383886762124, 0.2765309212902878], [0.4164383886762124, -0.05024908843832776, 0.3040327095644848], [0.2765309212902878, 0.3040327095644848, -0.9876450212464434]], "QuadLocal": [[1.2093086298187075, 0.5850941794556164, 0.21228637834047248], [0.5850941794556164, 0.17821456648360368, 0.2107463275171071], [0.21228637834047248, 0.2107463275171071, -1.387523196302297]], "ValueCostV4": -1.03304882698913}, {"Convergence": true, "QuadCompare": [[0.005540302238728145, -1.0496649746083264, -0.3674803529116506], [-1.0496649746083264, -0.9947115170484437, -0.07768701390202537], [-0.3674803529116506, -0.07768701390202537, 0.9891712148096659]], "QuadTotal": [[-0.1684167578706024, 0.45819235517598855, 1.0628779149027778], [0.45819235517598855, 0.08560475938810441, -0.15321194241635183], [1.0628779149027778, -0.15321194241635183, 0.08281199848248377]], "QuadLocal": [[-0.17395706010933054, 1.507857329784315, 1.4303582678144284], [1.507857329784315, 1.0803162764365482, -0.07552492851432646], [1.4303582678144284, -0.07552492851432646, -0.9063592163271821]], "ValueCostV4": -14.198920918423118}, {"Convergence": true, "QuadCompare": [[-1.825683742898434, 0.7524306045259586, -0.2596052287274855], [0.7524306045259586, 0.9725806653539735, -0.1280914819636001], [-0.2596052287274855, -0.1280914819636001, 0.8531030775444606]], "QuadTotal": [[1.0843337492129876, -0.310274948748015, 0.7651509409382982], [-0.310274948748015, -0.48120336414065434, 0.10562171574813606], [0.7651509409382982, 0.10562171574813606, -0.6031303850723901]], "QuadLocal": [[2.9100174921114217, -1.0627055532739735, 1.0247561696657836], [-1.0627055532739735, -1.4537840294946278, 0.23371319771173615], [1.0247561696657836, 0.23371319771173615, -1.4562334626168507]], "ValueCostV4": -20.106641902222194}, {"Convergence": true, "QuadCompare": [[-0.2311741831698768, -0.15207377909400677, 0.005354636073306551], [-0.15207377909400677, -0.1038671351301872, 0.025522186721020024], [0.005354636073306551, 0.025522186721020024, 0.3350413183000498]], "QuadTotal": [[-0.38358101757707885, 0.33180336854057835, 1.401072913680494], [0.33180336854057835, 1.4643303566443393, 0.04245131814294245], [1.401072913680494, 0.04245131814294245, -1.0807493390672533]], "QuadLocal": [[-0.15240683440720204, 0.4838771476345851, 1.3957182776071875], [0.4838771476345851, 1.5681974917745265, 0.016929131421922428], [1.3957182776071875, 0.016929131421922428, -1.4157906573673031]], "ValueCostV4": -0.7144448520694902}, {"Convergence": true, "QuadCompare": [[-0.08968007275431944, 0.0319883650280231, -0.1862550460118264], [0.0319883650280231, 0.13784837315088794, 0.021313582807874265], [-0.1862550460118264, 0.021313582807874265, -0.048168300396540076]], "QuadTotal": [[-0.10706143625507991, -0.2952995558309794, 0.03157627420927511], [-0.2952995558309794, 0.02411488545401852, 0.4078869001928946], [0.03157627420927511, 0.4078869001928946, 0.08294655080108271]], "QuadLocal": [[-0.01738136350076047, -0.3272879208590025, 0.21783132022110152], [-0.3272879208590025, -0.11373348769686942, 0.3865733173850203], [0.21783132022110152, 0.3865733173850203, 0.13111485119762278]], "ValueCostV4": -0.3242381830485713}, {"Convergence": true, "QuadCompare": [[0.02480549491134809, -0.006060410559204588, -0.2480818189995304], [-0.006060410559204588, -0.17524724721670992, 0.0069309120279194], [-0.2480818189995304, 0.0069309120279194, 0.15044175230539025]], "QuadTotal": [[-1.582735964186476, 0.05689066613818783, 2.0569107189639766], [0.05689066613818783, 1.4608570019444542, -0.037939369201618445], [2.0569107189639766, -0.037939369201618445, 0.12187896224202888]], "QuadLocal": [[-1.607541459097824, 0.06295107669739242, 2.304992537963507], [0.06295107669739242, 1.6361042491611641, -0.044870281229537845], [2.304992537963507, -0.044870281229537845, -0.028562790063361376]], "ValueCostV4": -0.5649944118446675}, {"Convergence": true,